1680871844038 0.0012000000000000001 0
1680871847870 0.0024806640625 1
1680871851126 0.00374121875 2
1680871854060 0.0049816640625 3
1680871857091 0.006202000000000001 4
1680871859814 0.0074022265625 5
1680871862261 0.00858234375 6
1680871864965 0.009458593749999999 7
1680871867613 0.009458593749999999 8
1680871871018 0.00938125 9
1680871874036 0.00930390625 10
1680871876668 0.0092265625 11
1680871879402 0.00914921875 12
1680871882107 0.009071875 13
1680871884811 0.00899453125 14
1680871887255 0.0089171875 15
1680871889641 0.008839843750000001 16
1680871891905 0.0087625 17
1680871894242 0.008685156250000001 18
1680871896537 0.008607812500000001 19
1680871898851 0.00853046875 20
1680871901083 0.008453125 21
1680871903382 0.00837578125 22
1680871905736 0.0082984375 23
1680871908014 0.00822109375 24
1680871910254 0.00814375 25
1680871912484 0.00806640625 26
1680871914750 0.007989062500000001 27
1680871916991 0.00791171875 28
1680871919305 0.007834375000000001 29
1680871921670 0.007757031250000001 30
1680871923969 0.0076796875 31
1680871926283 0.007602343750000001 32
1680871928553 0.007525 33
1680871930817 0.00744765625 34
1680871933043 0.0073703125 35
1680871935239 0.00729296875 36
1680871937578 0.007215625 37
1680871939846 0.0071382812500000005 38
1680871942138 0.0070609374999999995 39
1680871944344 0.00698359375 40
1680871946556 0.006906250000000001 41
1680871948795 0.00682890625 42
1680871951039 0.006751562500000001 43
1680871953244 0.0066742187500000005 44
1680871955504 0.006596875 45
1680871957690 0.00651953125 46
1680871959926 0.0064421875 47
1680871962136 0.00636484375 48
1680871964349 0.0062875000000000006 49
1680871966539 0.0062101562499999995 50
1680871968729 0.0061328125 51
1680871970908 0.006055468750000001 52
1680871973233 0.005978125 53
1680871975472 0.005900781250000001 54
1680871977686 0.0058234375000000005 55
1680871979859 0.0057460937499999995 56
1680871982045 0.00566875 57
1680871984227 0.005591406250000001 58
1680871986408 0.0055140625 59
1680871988577 0.005436718750000001 60
1680871990840 0.0053593749999999996 61
1680871993073 0.00528203125 62
1680871995255 0.0052046875 63
1680871997493 0.00512734375 64
1680871999724 0.00505 65
1680872001898 0.00497265625 66
1680872004088 0.0048953125 67
1680872006414 0.00481796875 68
1680872008607 0.004740625 69
1680872010794 0.00466328125 70
1680872012994 0.004585937500000001 71
1680872015171 0.0045085937500000004 72
1680872017359 0.00443125 73
1680872019546 0.00435390625 74
1680872021726 0.0042765625 75
1680872023912 0.00419921875 76
1680872026190 0.004121875 77
1680872028398 0.00404453125 78
1680872030635 0.0039671875 79
1680872032862 0.00388984375 80
1680872035045 0.0038125 81
1680872037274 0.00373515625 82
1680872039449 0.0036578125 83
1680872041641 0.00358046875 84
1680872043888 0.003503125 85
1680872046048 0.00342578125 86
1680872048221 0.0033484375 87
1680872050389 0.0032710937499999997 88
1680872052562 0.0031937500000000004 89
1680872054734 0.0031164062500000003 90
1680872056949 0.0030390625 91
1680872059156 0.0029617187500000004 92
1680872061412 0.0028843750000000002 93
1680872063578 0.00280703125 94
1680872065807 0.0027296875 95
1680872067970 0.00265234375 96
1680872070186 0.002575 97
1680872072368 0.0024976562500000003 98
1680872074550 0.0024203125 99
1680872076723 0.00234296875 100
1680872078987 0.002265625 101
1680872081164 0.00218828125 102
1680872083348 0.0021109375 103
1680872085517 0.0020335937500000002 104
1680872087698 0.00195625 105
1680872089886 0.0018789062500000002 106
1680872092138 0.0018015625000000002 107
1680872094394 0.00172421875 108
1680872096561 0.0016468750000000001 109
1680872098727 0.00156953125 110
1680872100956 0.0014921875000000002 111
1680872103271 0.00141484375 112
1680872105513 0.0013375000000000001 113
1680872107683 0.00126015625 114
1680872109866 0.0011828124999999998 115
1680872112163 0.00110546875 116
1680872114387 0.001028125 117
1680872116583 0.00095078125 118
1680872118756 0.0008734375 119
1680872120935 0.0007960937499999999 120
1680872123113 0.00071875 121
1680872125279 0.0006414062499999999 122
1680872127453 0.0005640625 123
1680872129698 0.00048671875000000006 124
1680872131931 0.000409375 125
1680872134100 0.00033203125 126
1680872136285 0.0002546875 127
