1679571912236 0.11160029470920563 0
1679572179012 0.10095155984163284 1
1679572441527 0.09423967450857162 2
1679572683833 0.09023456275463104 3
1679572912320 0.08671948313713074 4
1679573144160 0.08366772532463074 5
1679573377317 0.07896274328231812 6
1679573620312 0.07618013024330139 7
1679573862541 0.07367227226495743 8
1679574093539 0.07147437334060669 9
1679574324562 0.06829578429460526 10
1679574545661 0.06670523434877396 11
1679574765676 0.06549663841724396 12
1679574985835 0.06354983896017075 13
1679575205212 0.061601422727108 14
1679575423669 0.06095797196030617 15
1679575643075 0.06039704009890556 16
1679575861524 0.06022782251238823 17
1679576079255 0.05991113558411598 18
1679576296974 0.05837097764015198 19
1679576514523 0.057719066739082336 20
1679576732443 0.056058622896671295 21
1679576950110 0.055111564695835114 22
1679577168031 0.055613309144973755 23
1679577385850 0.0554300919175148 24
1679577615068 0.05425875261425972 25
1679577832784 0.05184405297040939 26
1679578051003 0.05230607092380524 27
1679578268383 0.0506519116461277 28
1679578485690 0.050376519560813904 29
1679578702844 0.05020735412836075 30
1679578921276 0.04905947297811508 31
1679579140709 0.04911200702190399 32
1679579358124 0.04959055408835411 33
1679579576807 0.04709499701857567 34
1679579794131 0.046947259455919266 35
1679580011393 0.04768459498882294 36
1679580228326 0.04740716889500618 37
1679580445797 0.04561870917677879 38
1679580662613 0.04673518240451813 39
1679580879973 0.044988349080085754 40
1679581096760 0.04535064846277237 41
1679581314415 0.04365084692835808 42
1679581531893 0.04484342038631439 43
1679581748933 0.04453857243061066 44
1679581965484 0.04311835393309593 45
1679582182840 0.0422612763941288 46
1679582400212 0.04353449493646622 47
1679582616936 0.043017223477363586 48
1679582833715 0.04252726584672928 49
1679583051426 0.041997674852609634 50
1679583268696 0.040854379534721375 51
1679583486108 0.04023681581020355 52
1679583703866 0.04060928896069527 53
1679583920374 0.03963444381952286 54
1679584137128 0.03907079994678497 55
1679584353790 0.040466442704200745 56
1679584570604 0.04046894237399101 57
1679584787450 0.038383401930332184 58
1679585004497 0.03904323652386665 59
1679585220926 0.03881807625293732 60
1679585437875 0.03909449279308319 61
1679585654727 0.03814081847667694 62
1679585872073 0.03746707737445831 63
1679586089459 0.03846048191189766 64
1679586306045 0.037754565477371216 65
1679586523290 0.036931805312633514 66
1679586740154 0.0371137410402298 67
1679586957275 0.03737683594226837 68
1679587174744 0.036326225847005844 69
1679587391461 0.036684371531009674 70
1679587608080 0.03593321517109871 71
1679587825104 0.03538209944963455 72
1679588042846 0.03634071722626686 73
1679588260241 0.03564918413758278 74
1679588476929 0.03643620386719704 75
1679588694349 0.035662245005369186 76
1679588911075 0.03563471883535385 77
1679589127841 0.03401809558272362 78
1679589344737 0.034576401114463806 79
1679589561870 0.03503512963652611 80
1679589779091 0.034538961946964264 81
1679589995904 0.035447996109724045 82
1679590212628 0.03452838584780693 83
1679590429646 0.03370356187224388 84
1679590646484 0.03472041338682175 85
1679590863177 0.0329606831073761 86
1679591080625 0.033827975392341614 87
1679591297269 0.034096211194992065 88
1679591514314 0.03169797733426094 89
1679591731155 0.03391347452998161 90
1679591948486 0.03231934830546379 91
1679592165074 0.031875062733888626 92
1679592382021 0.03280934691429138 93
1679592599157 0.0318455807864666 94
1679592816225 0.031694404780864716 95
1679593033056 0.03213464096188545 96
1679593249957 0.031326793134212494 97
1679593466679 0.03206528350710869 98
1679593683669 0.03200390189886093 99
1679593900632 0.032179608941078186 100
1679594117319 0.031570013612508774 101
1679594334366 0.031040431931614876 102
1679594551670 0.030221233144402504 103
1679594769177 0.03139299526810646 104
1679594985879 0.03233007341623306 105
1679595202532 0.030796878039836884 106
1679595419314 0.030473779886960983 107
1679595636375 0.030426181852817535 108
1679595853024 0.03082725964486599 109
1679596069669 0.03026439994573593 110
1679596287259 0.030393684282898903 111
1679596504034 0.03044992685317993 112
1679596720660 0.029957352206110954 113
1679596937744 0.029732968658208847 114
1679597155154 0.02978518046438694 115
1679597372075 0.02990654669702053 116
1679597588580 0.02924482896924019 117
1679597805605 0.029592148959636688 118
1679598022298 0.029688777402043343 119
1679598238832 0.029207313433289528 120
1679598455324 0.02921116352081299 121
1679598672176 0.029795648530125618 122
1679598889037 0.03004748374223709 123
1679599105660 0.029333198443055153 124
1679599322671 0.02907569333910942 125
1679599539579 0.029037587344646454 126
1679599756896 0.029294636100530624 127
