1679571912236 0.0407317690551281 0
1679572179012 0.03780835494399071 1
1679572441527 0.03704621642827988 2
1679572683833 0.03555784747004509 3
1679572912320 0.03214433416724205 4
1679573144160 0.027784481644630432 5
1679573377317 0.02369564212858677 6
1679573620312 0.022634156048297882 7
1679573862541 0.02154242992401123 8
1679574093539 0.02061542123556137 9
1679574324562 0.020947635173797607 10
1679574545661 0.020010931417346 11
1679574765676 0.019370609894394875 12
1679574985835 0.018052920699119568 13
1679575205212 0.017683977261185646 14
1679575423669 0.016557244583964348 15
1679575643075 0.01659282296895981 16
1679575861524 0.015004417859017849 17
1679576079255 0.014355532824993134 18
1679576296974 0.012955980375409126 19
1679576514523 0.011577541008591652 20
1679576732443 0.010668208822607994 21
1679576950110 0.00978594645857811 22
1679577168031 0.009244248270988464 23
1679577385850 0.008785254321992397 24
1679577615068 0.008589783683419228 25
1679577832784 0.007921341806650162 26
1679578051003 0.008399926126003265 27
1679578268383 0.007994972169399261 28
1679578485690 0.007090367842465639 29
1679578702844 0.007476083002984524 30
1679578921276 0.007097463123500347 31
1679579140709 0.007200328167527914 32
1679579358124 0.00711556663736701 33
1679579576807 0.006663101259618998 34
1679579794131 0.006831130012869835 35
1679580011393 0.006653171963989735 36
1679580228326 0.006685825064778328 37
1679580445797 0.006705775856971741 38
1679580662613 0.00709872879087925 39
1679580879973 0.006239846348762512 40
1679581096760 0.00611457834020257 41
1679581314415 0.006365164648741484 42
1679581531893 0.006247656419873238 43
1679581748933 0.005995504092425108 44
1679581965484 0.005866037216037512 45
1679582182840 0.0059358952566981316 46
1679582400212 0.006599293556064367 47
1679582616936 0.005918895825743675 48
1679582833715 0.006096627563238144 49
1679583051426 0.005987268872559071 50
1679583268696 0.005959221627563238 51
1679583486108 0.005703982897102833 52
1679583703866 0.0053595565259456635 53
1679583920374 0.005326231010258198 54
1679584137128 0.005634080618619919 55
1679584353790 0.005415183492004871 56
1679584570604 0.005631346255540848 57
1679584787450 0.005483417306095362 58
1679585004497 0.005465553607791662 59
1679585220926 0.005698981694877148 60
1679585437875 0.005309015512466431 61
1679585654727 0.005733462516218424 62
1679585872073 0.005129842087626457 63
1679586089459 0.005205327644944191 64
1679586306045 0.005253263749182224 65
1679586523290 0.005126785486936569 66
1679586740154 0.005142226815223694 67
1679586957275 0.005444077774882317 68
1679587174744 0.004948705900460482 69
1679587391461 0.005377818830311298 70
1679587608080 0.004938425030559301 71
1679587825104 0.004872378893196583 72
1679588042846 0.005076549015939236 73
1679588260241 0.005177042912691832 74
1679588476929 0.005186537280678749 75
1679588694349 0.005200864747166634 76
1679588911075 0.004651038907468319 77
1679589127841 0.004748421721160412 78
1679589344737 0.005101516842842102 79
1679589561870 0.005500806961208582 80
1679589779091 0.004822274670004845 81
1679589995904 0.0054953922517597675 82
1679590212628 0.004920747131109238 83
1679590429646 0.004411458503454924 84
1679590646484 0.004907015711069107 85
1679590863177 0.004372854251414537 86
1679591080625 0.0049647982232272625 87
1679591297269 0.004911182913929224 88
1679591514314 0.004251535050570965 89
1679591731155 0.004808271769434214 90
1679591948486 0.005163714289665222 91
1679592165074 0.004586351569741964 92
1679592382021 0.0051642670296132565 93
1679592599157 0.00447209645062685 94
1679592816225 0.004699016455560923 95
1679593033056 0.0043309954926371574 96
1679593249957 0.0043313815258443356 97
1679593466679 0.004837221931666136 98
1679593683669 0.00454563507810235 99
1679593900632 0.0047270492650568485 100
1679594117319 0.004551961552351713 101
1679594334366 0.004619926679879427 102
1679594551670 0.004484301898628473 103
1679594769177 0.004493775777518749 104
1679594985879 0.0053574079647660255 105
1679595202532 0.004251368809491396 106
1679595419314 0.004412231035530567 107
1679595636375 0.004061566665768623 108
1679595853024 0.004545980598777533 109
1679596069669 0.0042533124797046185 110
1679596287259 0.004187456332147121 111
1679596504034 0.004588215611875057 112
1679596720660 0.004288520663976669 113
1679596937744 0.003969000652432442 114
1679597155154 0.004004020243883133 115
1679597372075 0.004156637471169233 116
1679597588580 0.004657967481762171 117
1679597805605 0.004454812500625849 118
1679598022298 0.004271810874342918 119
1679598238832 0.004140141420066357 120
1679598455324 0.003965318668633699 121
1679598672176 0.004463969264179468 122
1679598889037 0.004297961480915546 123
1679599105660 0.004110143519937992 124
1679599322671 0.004048982635140419 125
1679599539579 0.003720328211784363 126
1679599756896 0.004331623204052448 127
