1679571912236 0.054813552647829056 0
1679572179012 0.06598751246929169 1
1679572441527 0.0667022168636322 2
1679572683833 0.07100224494934082 3
1679572912320 0.06660618633031845 4
1679573144160 0.05988089740276337 5
1679573377317 0.05968490242958069 6
1679573620312 0.05408819019794464 7
1679573862541 0.053277917206287384 8
1679574093539 0.052499283105134964 9
1679574324562 0.04761844128370285 10
1679574545661 0.0487532839179039 11
1679574765676 0.04489503055810928 12
1679574985835 0.04718318581581116 13
1679575205212 0.04509036988019943 14
1679575423669 0.04221475496888161 15
1679575643075 0.042850423604249954 16
1679575861524 0.0406334288418293 17
1679576079255 0.04156457260251045 18
1679576296974 0.04058903083205223 19
1679576514523 0.038143616169691086 20
1679576732443 0.040521807968616486 21
1679576950110 0.04195008799433708 22
1679577168031 0.041336268186569214 23
1679577385850 0.04099500551819801 24
1679577615068 0.03995624929666519 25
1679577832784 0.03667311742901802 26
1679578051003 0.03868348151445389 27
1679578268383 0.03695053979754448 28
1679578485690 0.0373498760163784 29
1679578702844 0.03788115456700325 30
1679578921276 0.036505408585071564 31
1679579140709 0.03772469609975815 32
1679579358124 0.03657793626189232 33
1679579576807 0.036845847964286804 34
1679579794131 0.038039788603782654 35
1679580011393 0.036766573786735535 36
1679580228326 0.0343940369784832 37
1679580445797 0.03575029596686363 38
1679580662613 0.03481444716453552 39
1679580879973 0.03344721719622612 40
1679581096760 0.034746602177619934 41
1679581314415 0.034349262714385986 42
1679581531893 0.03291395679116249 43
1679581748933 0.0348314493894577 44
1679581965484 0.0328681617975235 45
1679582182840 0.03388280048966408 46
1679582400212 0.034914061427116394 47
1679582616936 0.03240126743912697 48
1679582833715 0.03333156183362007 49
1679583051426 0.031927838921546936 50
1679583268696 0.031340911984443665 51
1679583486108 0.03242546692490578 52
1679583703866 0.03297141194343567 53
1679583920374 0.03202483803033829 54
1679584137128 0.03077572025358677 55
1679584353790 0.03239952400326729 56
1679584570604 0.032321423292160034 57
1679584787450 0.031251657754182816 58
1679585004497 0.031766146421432495 59
1679585220926 0.030985210090875626 60
1679585437875 0.02962811291217804 61
1679585654727 0.03311982378363609 62
1679585872073 0.03178134933114052 63
1679586089459 0.03121023252606392 64
1679586306045 0.03105175495147705 65
1679586523290 0.02997078374028206 66
1679586740154 0.030226927250623703 67
1679586957275 0.03045240230858326 68
1679587174744 0.0320785716176033 69
1679587391461 0.03143327683210373 70
1679587608080 0.028498250991106033 71
1679587825104 0.02919100597500801 72
1679588042846 0.029505783692002296 73
1679588260241 0.031125783920288086 74
1679588476929 0.030506014823913574 75
1679588694349 0.03255744278430939 76
1679588911075 0.029712937772274017 77
1679589127841 0.028313109651207924 78
1679589344737 0.029674911871552467 79
1679589561870 0.03043866716325283 80
1679589779091 0.028561215847730637 81
1679589995904 0.028369037434458733 82
1679590212628 0.028599100187420845 83
1679590429646 0.02881886251270771 84
1679590646484 0.027629651129245758 85
1679590863177 0.02884811908006668 86
1679591080625 0.03201402351260185 87
1679591297269 0.02916574664413929 88
1679591514314 0.0296490378677845 89
1679591731155 0.028719859197735786 90
1679591948486 0.028279807418584824 91
1679592165074 0.02720814384520054 92
1679592382021 0.02811475470662117 93
1679592599157 0.02841605618596077 94
1679592816225 0.028086381033062935 95
1679593033056 0.02840053103864193 96
1679593249957 0.0274227075278759 97
1679593466679 0.028544068336486816 98
1679593683669 0.02813078463077545 99
1679593900632 0.0272984616458416 100
1679594117319 0.02891579456627369 101
1679594334366 0.027097666636109352 102
1679594551670 0.026000339537858963 103
1679594769177 0.029056960716843605 104
1679594985879 0.02893986739218235 105
1679595202532 0.02804707922041416 106
1679595419314 0.027988392859697342 107
1679595636375 0.027337191626429558 108
1679595853024 0.029161706566810608 109
1679596069669 0.02774413861334324 110
1679596287259 0.02849585935473442 111
1679596504034 0.02800712361931801 112
1679596720660 0.026049809530377388 113
1679596937744 0.026781633496284485 114
1679597155154 0.026591317728161812 115
1679597372075 0.0267629437148571 116
1679597588580 0.027610020712018013 117
1679597805605 0.027515053749084473 118
1679598022298 0.02618543431162834 119
1679598238832 0.02638273499906063 120
1679598455324 0.026509597897529602 121
1679598672176 0.028701048344373703 122
1679598889037 0.026976702734827995 123
1679599105660 0.02841055952012539 124
1679599322671 0.0284299086779356 125
1679599539579 0.026444433256983757 126
1679599756896 0.02613268606364727 127
