1679941182471 0.00021094827619679121 0
1679941433738 7.115538720961472e-05 1
1679941685122 0.0008100097582744441 2
1679941938289 0.00026500796374451664 3
1679942192807 0.0015570217710325401 4
1679942435433 0.04595151874115979 5
1679942673517 0.03376734110813515 6
1679942905411 0.079332180255954 7
1679943135390 0.11766271383441218 8
1679943366463 0.05468470829640711 9
1679943594107 0.1463482443459918 10
1679943817955 0.1837438010272908 11
1679944041379 0.14063115215784897 12
1679944263738 0.11783365753325122 13
1679944485330 0.23172449248226754 14
1679944706818 0.2610100146967816 15
1679944927527 0.16656559655618514 16
1679945147406 0.20909288447560134 17
1679945368145 0.23672477179319537 18
1679945590541 0.22630770922374857 19
1679945810505 0.23752305147781935 20
1679946030371 0.3410475889810795 21
1679946249840 0.27036445087548355 22
1679946470103 0.30963935965082023 23
1679946689496 0.43039112781068045 24
1679946909597 0.43085553970788387 25
1679947129203 0.44314748251766795 26
1679947349595 0.48438080598749494 27
1679947569500 0.4810029023000609 28
1679947788903 0.4506370094857002 29
1679948008522 0.5050756138211353 30
1679948227158 0.4894022854335464 31
1679948447293 0.37576997622394526 32
1679948666618 0.2975309713325787 33
1679948885586 0.4999778957550582 34
1679949104253 0.47795295541902677 35
1679949323422 0.42539579391489424 36
1679949541960 0.5233301308276088 37
1679949761700 0.6006905727630051 38
1679949981833 0.4748750717202641 39
1679950200512 0.46369196447489935 40
1679950418647 0.4978486946710127 41
1679950637101 0.5284072837383992 42
1679950857027 0.44265439856784056 43
1679951075894 0.5197066362679357 44
1679951294595 0.5211757680734489 45
1679951513703 0.6308799938368169 46
1679951733361 0.5097793354670138 47
1679951952010 0.5961297674854572 48
1679952170728 0.5613477471316809 49
1679952389530 0.6144538559205239 50
1679952608591 0.6113796964152034 51
1679952827407 0.5837919859466266 52
1679953045884 0.6526963413352761 53
1679953265050 0.6301072482627489 54
1679953484494 0.6023696768622678 55
1679953703659 0.6262584494794883 56
1679953923011 0.6440408614249485 57
1679954141919 0.40110482270749176 58
1679954360330 0.6447619457392811 59
1679954579464 0.660413341167421 60
1679954798358 0.547776758372632 61
1679955017230 0.6488153315495176 62
1679955235944 0.6353619121643858 63
1679955455473 0.6900937768377539 64
1679955674752 0.5976842837424042 65
1679955893097 0.6611555046475114 66
1679956112112 0.654428636065193 67
1679956330515 0.6817798856669078 68
1679956549745 0.7048312038726344 69
1679956767770 0.6727917069085141 70
1679956987067 0.680966633957448 71
1679957206848 0.6602815877761589 72
1679957425131 0.6788070220999821 73
1679957644075 0.6964033866875804 74
1679957862961 0.6998314925918625 75
1679958081595 0.7087586900123659 76
1679958299973 0.6673172361296626 77
1679958518910 0.68428821337451 78
1679958737813 0.6781332042835518 79
1679958957544 0.6881347888958431 80
1679959176169 0.6859821842940752 81
1679959394472 0.6673472567367938 82
1679959612683 0.7014549802799492 83
1679959831283 0.7116141371689775 84
1679960049953 0.7002895646731311 85
1679960268347 0.7166297362118913 86
1679960487115 0.7339598032810611 87
1679960705510 0.710787545275719 88
1679960924571 0.6393516768561721 89
1679961143427 0.7171578545651669 90
1679961362389 0.7279105923070449 91
1679961581033 0.742084661722739 92
1679961799501 0.7232789143057968 93
1679962018644 0.7419137233687326 94
1679962238016 0.7038753260647911 95
1679962456851 0.7498534094160424 96
1679962676810 0.7238193077041982 97
1679962895836 0.7462278443091886 98
1679963114336 0.7531921556766394 99
1679963333907 0.7384119394411847 100
1679963553086 0.721317654133849 101
1679963771285 0.7382515803784585 102
1679963990141 0.7429394774397661 103
1679964209129 0.7130109501818712 104
1679964428247 0.7396882234762417 105
1679964646997 0.7245731254148303 106
1679964865436 0.7451109360048589 107
1679965084209 0.7221391427968588 108
1679965303177 0.7516799091588537 109
1679965521500 0.7544513953844457 110
1679965740067 0.7561677848484614 111
1679965959188 0.7573269454545496 112
1679966178387 0.7583631776573702 113
1679966397120 0.7642956617919258 114
1679966615467 0.7525267733323103 115
1679966834457 0.734262884619732 116
1679967052902 0.7663899774973002 117
1679967271972 0.7677834848409182 118
