1679941182471 0.0017970544369245028 0
1679941433738 0.0003682050453071818 1
1679941685122 0.004152439666722964 2
1679941938289 0.6709460560684996 3
1679942192807 0.34497996417392945 4
1679942435433 0.8020252303555416 5
1679942673517 0.13868507099069113 6
1679942905411 0.14590240578559774 7
1679943135390 0.31034374956921446 8
1679943366463 0.15987007787793905 9
1679943594107 0.3578395712597444 10
1679943817955 0.33691274633583257 11
1679944041379 0.29949086628168736 12
1679944263738 0.26149197899494286 13
1679944485330 0.4232156939960245 14
1679944706818 0.44933012985483406 15
1679944927527 0.3664024693511115 16
1679945147406 0.4045707446271778 17
1679945368145 0.4495718821981491 18
1679945590541 0.4710822430979391 19
1679945810505 0.4871202866673771 20
1679946030371 0.5133228038001211 21
1679946249840 0.5103053677307808 22
1679946470103 0.6576416698864956 23
1679946689496 0.6443523657284499 24
1679946909597 0.765504446057205 25
1679947129203 0.7909846749494472 26
1679947349595 0.6619826780731198 27
1679947569500 0.8601813146247359 28
1679947788903 0.8099243460661287 29
1679948008522 0.8957554646730851 30
1679948227158 0.8842137167924901 31
1679948447293 0.8404884090153368 32
1679948666618 0.7440111168557428 33
1679948885586 0.866627776468407 34
1679949104253 0.9028396685157043 35
1679949323422 0.8835476871770652 36
1679949541960 0.8759728082244039 37
1679949761700 0.8988084489880696 38
1679949981833 0.8895841436053686 39
1679950200512 0.898870313394151 40
1679950418647 0.8881912497640635 41
1679950637101 0.8928186339682598 42
1679950857027 0.9074324743709129 43
1679951075894 0.9225145147969768 44
1679951294595 0.9005293516198645 45
1679951513703 0.911096428548125 46
1679951733361 0.9126877136125024 47
1679951952010 0.9260305316824913 48
1679952170728 0.9298047797473753 49
1679952389530 0.9209759086310996 50
1679952608591 0.9139699827700691 51
1679952827407 0.9349483245594371 52
1679953045884 0.9329649578779803 53
1679953265050 0.8998281543653411 54
1679953484494 0.9191840276025544 55
1679953703659 0.9335817119114539 56
1679953923011 0.9280305200027975 57
1679954141919 0.7315494851415342 58
1679954360330 0.9447484543090431 59
1679954579464 0.9407587002054266 60
1679954798358 0.8141994556649927 61
1679955017230 0.9357372781229945 62
1679955235944 0.9335111528840924 63
1679955455473 0.9493197899665452 64
1679955674752 0.8476726746110584 65
1679955893097 0.9376277461368697 66
1679956112112 0.9481765176099327 67
1679956330515 0.9493125485573044 68
1679956549745 0.944213124217406 69
1679956767770 0.946703259665569 70
1679956987067 0.9483688026352682 71
1679957206848 0.9577360641602605 72
1679957425131 0.949226694627528 73
1679957644075 0.9471602486857232 74
1679957862961 0.9493333035749463 75
1679958081595 0.9545227931000538 76
1679958299973 0.9549314375389586 77
1679958518910 0.9494702464597911 78
1679958737813 0.9479265021195807 79
1679958957544 0.9440226233959909 80
1679959176169 0.9453708993990272 81
1679959394472 0.9455725251178345 82
1679959612683 0.9505973236156948 83
1679959831283 0.9381239082750188 84
1679960049953 0.9445095381322587 85
1679960268347 0.9589769584696977 86
1679960487115 0.9524765208823479 87
1679960705510 0.9416493158266156 88
1679960924571 0.9255489286346342 89
1679961143427 0.9526912894614202 90
1679961362389 0.9571521816183718 91
1679961581033 0.9502402751485909 92
1679961799501 0.9537183070822537 93
1679962018644 0.942771811869325 94
1679962238016 0.9531065828033073 95
1679962456851 0.9631895970495901 96
1679962676810 0.961012066796669 97
1679962895836 0.9531258298650348 98
1679963114336 0.9616392626329874 99
1679963333907 0.963556247359883 100
1679963553086 0.9608447545772094 101
1679963771285 0.9501898965570019 102
1679963990141 0.9504260903166912 103
1679964209129 0.950790068124788 104
1679964428247 0.9535285485081193 105
1679964646997 0.9542617173571362 106
1679964865436 0.9563227618430004 107
1679965084209 0.9446489816103162 108
1679965303177 0.9694641283842337 109
1679965521500 0.9617437634819866 110
1679965740067 0.9456793097417676 111
1679965959188 0.9524834428030777 112
1679966178387 0.9569269549665305 113
1679966397120 0.9527185356163734 114
1679966615467 0.9597206518082745 115
1679966834457 0.9576722809774617 116
1679967052902 0.9564171931767517 117
1679967271972 0.9622161062501258 118
