1679941182471 0.05349232716342351 0
1679941433738 0.034863945578231297 1
1679941685122 0.03654485049833887 2
1679941938289 0.0027685492801771874 3
1679942192807 0.022702104097452935 4
1679942435433 0.11395288120001253 5
1679942673517 0.296545399855366 6
1679942905411 0.4292365108083744 7
1679943135390 0.47902745906549643 8
1679943366463 0.5463523368837407 9
1679943594107 0.4778265394680002 10
1679943817955 0.5921067977078304 11
1679944041379 0.6311585971793763 12
1679944263738 0.610947644365892 13
1679944485330 0.7132612453393943 14
1679944706818 0.7128937096218833 15
1679944927527 0.6999807049601535 16
1679945147406 0.6690710323572215 17
1679945368145 0.732688146385895 18
1679945590541 0.5621117914532655 19
1679945810505 0.59930232408042 20
1679946030371 0.739647659513918 21
1679946249840 0.7362265236176991 22
1679946470103 0.7446428203126922 23
1679946689496 0.7337884749747395 24
1679946909597 0.7460904000371792 25
1679947129203 0.7426488615239513 26
1679947349595 0.803389585391546 27
1679947569500 0.7625688990718148 28
1679947788903 0.7509603229941488 29
1679948008522 0.789247122114411 30
1679948227158 0.8140137200607116 31
1679948447293 0.7617501609687426 32
1679948666618 0.576341312956716 33
1679948885586 0.8613970334767894 34
1679949104253 0.8682005993397616 35
1679949323422 0.8723398089460418 36
1679949541960 0.8602929674562655 37
1679949761700 0.899680108310223 38
1679949981833 0.8852893923616466 39
1679950200512 0.8844337612871539 40
1679950418647 0.8859771760758249 41
1679950637101 0.8699776948577518 42
1679950857027 0.8699842952185627 43
1679951075894 0.9008293477712459 44
1679951294595 0.8991798895101928 45
1679951513703 0.9170457122651993 46
1679951733361 0.9104390704577873 47
1679951952010 0.9033755662805257 48
1679952170728 0.902360020706173 49
1679952389530 0.9195033841004815 50
1679952608591 0.9153908750296819 51
1679952827407 0.9175600091790576 52
1679953045884 0.9083492131298909 53
1679953265050 0.9312263171315944 54
1679953484494 0.9151751473282487 55
1679953703659 0.9281361824836173 56
1679953923011 0.9299337184896306 57
1679954141919 0.684609764697888 58
1679954360330 0.921566995509338 59
1679954579464 0.9185197154523678 60
1679954798358 0.8185123261607719 61
1679955017230 0.9237933392697443 62
1679955235944 0.9246280002728943 63
1679955455473 0.8994132911979497 64
1679955674752 0.8797940561597158 65
1679955893097 0.93264971529342 66
1679956112112 0.9229052275961953 67
1679956330515 0.9289972820093304 68
1679956549745 0.9299428305435423 69
1679956767770 0.9365038887589016 70
1679956987067 0.9364401486805193 71
1679957206848 0.9341908246470679 72
1679957425131 0.9457628126377481 73
1679957644075 0.9358072722088636 74
1679957862961 0.9330394481251716 75
1679958081595 0.9362304816346668 76
1679958299973 0.9398580505018459 77
1679958518910 0.9363947684044246 78
1679958737813 0.9491675600128242 79
1679958957544 0.9466802402410965 80
1679959176169 0.9540150935702737 81
1679959394472 0.9525541675122534 82
1679959612683 0.9487867826721837 83
1679959831283 0.9432336700621734 84
1679960049953 0.9313821300900766 85
1679960268347 0.9408792023936355 86
1679960487115 0.9450521018609995 87
1679960705510 0.9459027421921506 88
1679960924571 0.884205144923686 89
1679961143427 0.9467313970963779 90
1679961362389 0.9588017035167319 91
1679961581033 0.9515197072210081 92
1679961799501 0.9481730525962394 93
1679962018644 0.9535586624467783 94
1679962238016 0.9582208975773631 95
1679962456851 0.9476640151580007 96
1679962676810 0.9419163752538505 97
1679962895836 0.9540079424951892 98
1679963114336 0.9468284219140939 99
1679963333907 0.948686220897298 100
1679963553086 0.9487487608282364 101
1679963771285 0.9562360069833232 102
1679963990141 0.9608230187655372 103
1679964209129 0.955985469956925 104
1679964428247 0.9575603699617673 105
1679964646997 0.9595659828021267 106
1679964865436 0.9562818900886766 107
1679965084209 0.956678358593131 108
1679965303177 0.9440651354315169 109
1679965521500 0.9505057395547394 110
1679965740067 0.9549337449254606 111
1679965959188 0.954974116793529 112
1679966178387 0.9580809315293591 113
1679966397120 0.958381289500046 114
1679966615467 0.9510331748492132 115
1679966834457 0.9564573749695308 116
1679967052902 0.9599198852300764 117
1679967271972 0.9601656524923995 118
