1680871844038 0.00033179581668645367 0
1680871847870 0.0002414772279274041 1
1680871851126 0.00013438962358071222 2
1680871854060 0.00014868271502069635 3
1680871857091 9.608216551065911e-05 4
1680871859814 0.00012026498359473607 5
1680871862261 0.007027941688492102 6
1680871864965 0.018679579409734835 7
1680871867613 0.0216346800406154 8
1680871871018 0.020914554184870742 9
1680871874036 0.015338116303600255 10
1680871876668 0.05132606472982426 11
1680871879402 0.06908956006102353 12
1680871882107 0.19186362104400465 13
1680871884811 0.1296130737170455 14
1680871887255 0.24356181485851366 15
1680871889641 0.1857155273362385 16
1680871891905 0.34039464851825924 17
1680871894242 0.3046430521695465 18
1680871896537 0.3685534888340376 19
1680871898851 0.2563373512602012 20
1680871901083 0.3837643881788499 21
1680871903382 0.38890586527701165 22
1680871905736 0.4540141198244953 23
1680871908014 0.40794448725720595 24
1680871910254 0.4542203579769843 25
1680871912484 0.4501516016321469 26
1680871914750 0.21221038682998372 27
1680871916991 0.4651790013585395 28
1680871919305 0.4735012383571168 29
1680871921670 0.4836827879737762 30
1680871923969 0.501449427654807 31
1680871926283 0.4956950762188108 32
1680871928553 0.5675372965289465 33
1680871930817 0.4674642834232305 34
1680871933043 0.4984239129455837 35
1680871935239 0.5914635535424182 36
1680871937578 0.5990488136803032 37
1680871939846 0.6255530753201362 38
1680871942138 0.5578867658461936 39
1680871944344 0.5022050074167967 40
1680871946556 0.5546815896802985 41
1680871948795 0.33868037338270596 42
1680871951039 0.5253413634507619 43
1680871953244 0.5910523207128197 44
1680871955504 0.5973397184558694 45
1680871957690 0.6485943238118372 46
1680871959926 0.591673572676663 47
1680871962136 0.6201538826907703 48
1680871964349 0.5460498548554357 49
1680871966539 0.6314028104203931 50
1680871968729 0.6263477611048198 51
1680871970908 0.6652411459936572 52
1680871973233 0.6800854866523552 53
1680871975472 0.6541994578884466 54
1680871977686 0.6678430101725509 55
1680871979859 0.6398627490394522 56
1680871982045 0.6748580544756025 57
1680871984227 0.6656194827795628 58
1680871986408 0.6765069715588358 59
1680871988577 0.6611108069579997 60
1680871990840 0.6885988049666377 61
1680871993073 0.6636525463116997 62
1680871995255 0.7056263814965282 63
1680871997493 0.684455975669389 64
1680871999724 0.7050189601342814 65
1680872001898 0.6946064611836826 66
1680872004088 0.72075442539576 67
1680872006414 0.7051162479880647 68
1680872008607 0.7048707103906541 69
1680872010794 0.7141586976541311 70
1680872012994 0.7203898583503645 71
1680872015171 0.6842898817253622 72
1680872017359 0.7188988089425258 73
1680872019546 0.6953716582450015 74
1680872021726 0.7059558116737895 75
1680872023912 0.7162865711668003 76
1680872026190 0.7260239904312137 77
1680872028398 0.7268367430986619 78
1680872030635 0.7411982396106568 79
1680872032862 0.7224489161437343 80
1680872035045 0.744929737568655 81
1680872037274 0.7280374426261812 82
1680872039449 0.727212682082286 83
1680872041641 0.721150133994055 84
1680872043888 0.7117435190321587 85
1680872046048 0.7007355102625241 86
1680872048221 0.7168291771557408 87
1680872050389 0.7298650992136299 88
1680872052562 0.7401879429121486 89
1680872054734 0.7331412334488051 90
1680872056949 0.7499715071563523 91
1680872059156 0.7438872613835653 92
1680872061412 0.7406237878148696 93
1680872063578 0.7699618558780893 94
1680872065807 0.7376840121358429 95
1680872067970 0.7453528499623344 96
1680872070186 0.7651811242936709 97
1680872072368 0.754233517727266 98
1680872074550 0.7539544525746149 99
1680872076723 0.7514411985590387 100
1680872078987 0.7677278454430203 101
1680872081164 0.7512145069702018 102
1680872083348 0.7627129789107009 103
1680872085517 0.7581943928254341 104
1680872087698 0.7528449252224806 105
1680872089886 0.7750372313564443 106
1680872092138 0.7727896310941774 107
1680872094394 0.7656533746688802 108
1680872096561 0.7682630317967482 109
1680872098727 0.7752348451038099 110
1680872100956 0.7779960458436599 111
1680872103271 0.7781445915108804 112
1680872105513 0.7747822344994839 113
1680872107683 0.7778250970296373 114
1680872109866 0.7838121916576863 115
1680872112163 0.7867838631553762 116
1680872114387 0.7894910592228802 117
1680872116583 0.7836288510372923 118
1680872118756 0.782839270372781 119
1680872120935 0.7853980881885718 120
1680872123113 0.785165221682508 121
1680872125279 0.7870991500413481 122
1680872127453 0.78665798110499 123
1680872129698 0.7926277091475432 124
1680872131931 0.7877150538672911 125
1680872134100 0.7847680546875647 126
1680872136285 0.7870322825185895 127
