1680871844038 0.0013144841269841269 0
1680871847870 0.001282546115372863 1
1680871851126 0.0006065759637188208 2
1680871854060 0.0006264172335600906 3
1680871857091 0.0005017006802721088 4
1680871859814 0.0005130385487528345 5
1680871862261 0.6868251783634006 6
1680871864965 0.0846269780937895 7
1680871867613 0.07018975079402996 8
1680871871018 0.06347454650362616 9
1680871874036 0.06337003436067053 10
1680871876668 0.12084428788409037 11
1680871879402 0.13671332066208342 12
1680871882107 0.628651169011597 13
1680871884811 0.24424232952898883 14
1680871887255 0.34149366414869925 15
1680871889641 0.29138443598298375 16
1680871891905 0.4389222187463104 17
1680871894242 0.426945448580011 18
1680871896537 0.5031701550868041 19
1680871898851 0.45410514560040366 20
1680871901083 0.642520460015429 21
1680871903382 0.6104552780821829 22
1680871905736 0.7615004102760735 23
1680871908014 0.8060878557382735 24
1680871910254 0.8026543233830177 25
1680871912484 0.8439748884287223 26
1680871914750 0.5859163932174095 27
1680871916991 0.8394326321255701 28
1680871919305 0.8167324949956337 29
1680871921670 0.7230397178423474 30
1680871923969 0.9017420959645857 31
1680871926283 0.8460662265716565 32
1680871928553 0.8792704071901722 33
1680871930817 0.878490103508268 34
1680871933043 0.8689459332464828 35
1680871935239 0.8975481497951829 36
1680871937578 0.8949375156495801 37
1680871939846 0.9067352376562559 38
1680871942138 0.9188125066646098 39
1680871944344 0.8661991355282946 40
1680871946556 0.9125262492218402 41
1680871948795 0.6865617378563043 42
1680871951039 0.8559390207772587 43
1680871953244 0.9064071548215904 44
1680871955504 0.9337102979824273 45
1680871957690 0.9172700601971707 46
1680871959926 0.9161913702370715 47
1680871962136 0.9157934709273917 48
1680871964349 0.9172638873338473 49
1680871966539 0.9194163451098095 50
1680871968729 0.9184629262672263 51
1680871970908 0.9295735728309338 52
1680871973233 0.9297900012496793 53
1680871975472 0.9396743184194699 54
1680871977686 0.9284935605360491 55
1680871979859 0.9312679114174068 56
1680871982045 0.9483590499734738 57
1680871984227 0.9316158414182573 58
1680871986408 0.9353424711545623 59
1680871988577 0.9413169811005083 60
1680871990840 0.9360053372228591 61
1680871993073 0.9373344960290927 62
1680871995255 0.9380917675577963 63
1680871997493 0.9364792386262076 64
1680871999724 0.9336534919282377 65
1680872001898 0.9436707084508277 66
1680872004088 0.9506532840053916 67
1680872006414 0.9412034128463912 68
1680872008607 0.9414333933307507 69
1680872010794 0.9539803564372882 70
1680872012994 0.9467092923615493 71
1680872015171 0.9428715208948666 72
1680872017359 0.9431203238578201 73
1680872019546 0.9520922919088277 74
1680872021726 0.9429082227915728 75
1680872023912 0.9582751752117792 76
1680872026190 0.9580774649951636 77
1680872028398 0.9505794185418989 78
1680872030635 0.9525528851974282 79
1680872032862 0.9463072326889228 80
1680872035045 0.9490575270822132 81
1680872037274 0.9427904876363028 82
1680872039449 0.9441247083726233 83
1680872041641 0.950809252745295 84
1680872043888 0.9444636154048128 85
1680872046048 0.9612695235483072 86
1680872048221 0.9575127016910772 87
1680872050389 0.9563762787828191 88
1680872052562 0.9542761764463709 89
1680872054734 0.9582488225100555 90
1680872056949 0.94473359637558 91
1680872059156 0.9583532356039944 92
1680872061412 0.9554526211834755 93
1680872063578 0.9460912964901121 94
1680872065807 0.9543252860469106 95
1680872067970 0.9559889114340572 96
1680872070186 0.9490617600171523 97
1680872072368 0.9566476781116634 98
1680872074550 0.9528721759922708 99
1680872076723 0.9517056972218682 100
1680872078987 0.9567415550051144 101
1680872081164 0.9544921801692783 102
1680872083348 0.9456810092198666 103
1680872085517 0.9594583685871839 104
1680872087698 0.9594287069890783 105
1680872089886 0.9579661834608427 106
1680872092138 0.9525264618186194 107
1680872094394 0.9487459043030526 108
1680872096561 0.9574376090293112 109
1680872098727 0.9590613127592911 110
1680872100956 0.9586544501556035 111
1680872103271 0.9524080227646481 112
1680872105513 0.9601096956581888 113
1680872107683 0.9517931293785273 114
1680872109866 0.9514949621602306 115
1680872112163 0.9512485464976456 116
1680872114387 0.9594091980045899 117
1680872116583 0.9539251993528493 118
1680872118756 0.9592601668639359 119
1680872120935 0.9683532249315961 120
1680872123113 0.955096426911154 121
1680872125279 0.9685109507653404 122
1680872127453 0.9617461761669515 123
1680872129698 0.9633191869843959 124
1680872131931 0.9624423606530249 125
1680872134100 0.9576509540192878 126
1680872136285 0.9581396932100836 127
