1680871844038 0.14450714060458622 0
1680871847870 0.12559129612109746 1
1680871851126 0.11810154525386313 2
1680871854060 0.12196467991169978 3
1680871857091 0.1111111111111111 4
1680871859814 0.11362209667294414 5
1680871862261 0.02924944812362031 6
1680871864965 0.12956897754737592 7
1680871867613 0.3060430979603138 8
1680871871018 0.32159704654613497 9
1680871874036 0.42730923326789466 10
1680871876668 0.4331857229989937 11
1680871879402 0.6897972737192305 12
1680871882107 0.3194197542058424 13
1680871884811 0.5312437689575041 14
1680871887255 0.7485454087044774 15
1680871889641 0.7516440694086093 16
1680871891905 0.7648909478359633 17
1680871894242 0.7335577051888539 18
1680871896537 0.7448196064598775 19
1680871898851 0.7150325577157192 20
1680871901083 0.704085853545469 21
1680871903382 0.7204181593540846 22
1680871905736 0.7341807028232266 23
1680871908014 0.731661084029921 24
1680871910254 0.7041011882273557 25
1680871912484 0.771338938006941 26
1680871914750 0.5380280925997135 27
1680871916991 0.8168227023906675 28
1680871919305 0.7391896586846732 29
1680871921670 0.7779608442148631 30
1680871923969 0.8116127694764067 31
1680871926283 0.8137990705680033 32
1680871928553 0.8346973709227771 33
1680871930817 0.8066328877548257 34
1680871933043 0.8054021503542854 35
1680871935239 0.8678758906364484 36
1680871937578 0.8746342851966084 37
1680871939846 0.8879018363809025 38
1680871942138 0.8709019754344886 39
1680871944344 0.8793041330723931 40
1680871946556 0.8792406880486904 41
1680871948795 0.6308213308150504 42
1680871951039 0.7733071209551655 43
1680871953244 0.8807132111896155 44
1680871955504 0.8994255547247508 45
1680871957690 0.9132078692771287 46
1680871959926 0.890337883751603 47
1680871962136 0.8988877019616549 48
1680871964349 0.8948413801092525 49
1680871966539 0.9284980308822667 50
1680871968729 0.9073996549643167 51
1680871970908 0.9079138678395805 52
1680871973233 0.9173437887784179 53
1680871975472 0.9122646645974967 54
1680871977686 0.9284868622496703 55
1680871979859 0.924922191348197 56
1680871982045 0.9237032405830442 57
1680871984227 0.9362262124548909 58
1680871986408 0.9321938921919116 59
1680871988577 0.9233802573368334 60
1680871990840 0.930814073270303 61
1680871993073 0.930963676460434 62
1680871995255 0.9368113806268908 63
1680871997493 0.9291344158212334 64
1680871999724 0.9329193511015621 65
1680872001898 0.9350600943251702 66
1680872004088 0.9295091752672867 67
1680872006414 0.9329590567141818 68
1680872008607 0.9342796043976143 69
1680872010794 0.9285117962570296 70
1680872012994 0.9331721800854139 71
1680872015171 0.9361048726123636 72
1680872017359 0.9407259230752327 73
1680872019546 0.9433874677317192 74
1680872021726 0.9395421106456362 75
1680872023912 0.9379386714994457 76
1680872026190 0.9334741325243527 77
1680872028398 0.9375091892388919 78
1680872030635 0.9474228852479533 79
1680872032862 0.9435253398200177 80
1680872035045 0.942192521354531 81
1680872037274 0.9509188546724188 82
1680872039449 0.9452638015207953 83
1680872041641 0.9438247708107413 84
1680872043888 0.9478534295289434 85
1680872046048 0.9397709888278548 86
1680872048221 0.9512117977354442 87
1680872050389 0.9500247263274751 88
1680872052562 0.9404149552584357 89
1680872054734 0.9400789281427641 90
1680872056949 0.9590011623907194 91
1680872059156 0.9401061507108629 92
1680872061412 0.9349562572665393 93
1680872063578 0.9491300062011061 94
1680872065807 0.9468604048244292 95
1680872067970 0.9516402686531832 96
1680872070186 0.9586334727463853 97
1680872072368 0.9457334736146422 98
1680872074550 0.9453943467360878 99
1680872076723 0.9473985070512659 100
1680872078987 0.9487755341700522 101
1680872081164 0.9570487221942242 102
1680872083348 0.9615698857373646 103
1680872085517 0.9463481432591054 104
1680872087698 0.9498862174249122 105
1680872089886 0.9496830204054773 106
1680872092138 0.9567102376204373 107
1680872094394 0.9557904826439753 108
1680872096561 0.9414506497559958 109
1680872098727 0.9432324636001465 110
1680872100956 0.9507290138714221 111
1680872103271 0.9560511420001481 112
1680872105513 0.9467822868475583 113
1680872107683 0.9555947375095603 114
1680872109866 0.9573761503255399 115
1680872112163 0.9601809853710132 116
1680872114387 0.9500561118787457 117
1680872116583 0.9558959609803281 118
1680872118756 0.9465357753473006 119
1680872120935 0.9419763995694436 120
1680872123113 0.9556560709195324 121
1680872125279 0.9461379979836436 122
1680872127453 0.9543787707522614 123
1680872129698 0.9492076157745286 124
1680872131931 0.9517915255006811 125
1680872134100 0.955820848500224 126
1680872136285 0.9542628658951638 127
