1679941182471 0.110936239361763 0
1679941433738 0.10145651549100876 1
1679941685122 0.09653271734714508 2
1679941938289 0.09092630445957184 3
1679942192807 0.08713117986917496 4
1679942435433 0.08294527977705002 5
1679942673517 0.07827837765216827 6
1679942905411 0.0756785124540329 7
1679943135390 0.07604784518480301 8
1679943366463 0.07057119905948639 9
1679943594107 0.070930115878582 10
1679943817955 0.06621610373258591 11
1679944041379 0.06537481397390366 12
1679944263738 0.06325055658817291 13
1679944485330 0.06415747106075287 14
1679944706818 0.062389105558395386 15
1679944927527 0.0626152828335762 16
1679945147406 0.061049193143844604 17
1679945368145 0.06066269800066948 18
1679945590541 0.058323126286268234 19
1679945810505 0.05706242471933365 20
1679946030371 0.05604887381196022 21
1679946249840 0.05533343553543091 22
1679946470103 0.05590106174349785 23
1679946689496 0.05577521398663521 24
1679946909597 0.055479586124420166 25
1679947129203 0.0533878467977047 26
1679947349595 0.05312119051814079 27
1679947569500 0.05179024860262871 28
1679947788903 0.04969800263643265 29
1679948008522 0.05173175781965256 30
1679948227158 0.05187332257628441 31
1679948447293 0.051853641867637634 32
1679948666618 0.05167398229241371 33
1679948885586 0.05029013752937317 34
1679949104253 0.049967844039201736 35
1679949323422 0.04962947592139244 36
1679949541960 0.04777316004037857 37
1679949761700 0.04772377386689186 38
1679949981833 0.0467856228351593 39
1679950200512 0.04859686270356178 40
1679950418647 0.04848833009600639 41
1679950637101 0.04774472117424011 42
1679950857027 0.04671776667237282 43
1679951075894 0.04562761262059212 44
1679951294595 0.0447213388979435 45
1679951513703 0.04491785913705826 46
1679951733361 0.045152731239795685 47
1679951952010 0.0458809956908226 48
1679952170728 0.04497726634144783 49
1679952389530 0.04564453288912773 50
1679952608591 0.043341901153326035 51
1679952827407 0.043630123138427734 52
1679953045884 0.04074249044060707 53
1679953265050 0.04065149277448654 54
1679953484494 0.04193936660885811 55
1679953703659 0.042620282620191574 56
1679953923011 0.04347230866551399 57
1679954141919 0.041630618274211884 58
1679954360330 0.040779728442430496 59
1679954579464 0.04044581204652786 60
1679954798358 0.04003032296895981 61
1679955017230 0.04085442051291466 62
1679955235944 0.0401541106402874 63
1679955455473 0.0398218035697937 64
1679955674752 0.039405182003974915 65
1679955893097 0.039499782025814056 66
1679956112112 0.039260342717170715 67
1679956330515 0.0369577556848526 68
1679956549745 0.03708704560995102 69
1679956767770 0.038746923208236694 70
1679956987067 0.039408668875694275 71
1679957206848 0.03940197825431824 72
1679957425131 0.03898222744464874 73
1679957644075 0.03837685286998749 74
1679957862961 0.03895590826869011 75
1679958081595 0.03772041201591492 76
1679958299973 0.037659674882888794 77
1679958518910 0.03688425570726395 78
1679958737813 0.0376870259642601 79
1679958957544 0.0382283553481102 80
1679959176169 0.037304509431123734 81
1679959394472 0.037797119468450546 82
1679959612683 0.0366457924246788 83
1679959831283 0.03485195338726044 84
1679960049953 0.0363023541867733 85
1679960268347 0.03606272116303444 86
1679960487115 0.03682679682970047 87
1679960705510 0.03589269518852234 88
1679960924571 0.03582132235169411 89
1679961143427 0.036645323038101196 90
1679961362389 0.03611200302839279 91
1679961581033 0.03564414381980896 92
1679961799501 0.03474130854010582 93
1679962018644 0.0334370993077755 94
1679962238016 0.0352555550634861 95
1679962456851 0.03569215163588524 96
1679962676810 0.03373780846595764 97
1679962895836 0.034746792167425156 98
1679963114336 0.03425466641783714 99
1679963333907 0.0349113829433918 100
1679963553086 0.033652931451797485 101
1679963771285 0.03476625680923462 102
1679963990141 0.033779408782720566 103
1679964209129 0.03442077338695526 104
1679964428247 0.03514545410871506 105
1679964646997 0.034250613301992416 106
1679964865436 0.0339856818318367 107
1679965084209 0.03264801204204559 108
1679965303177 0.03370829299092293 109
1679965521500 0.03342491015791893 110
1679965740067 0.03359752148389816 111
1679965959188 0.03362404182553291 112
1679966178387 0.0328221395611763 113
1679966397120 0.03320228308439255 114
1679966615467 0.03212740644812584 115
1679966834457 0.03126039728522301 116
1679967052902 0.031450409442186356 117
1679967271972 0.031960126012563705 118
