1679941182471 0.04050273448228836 0
1679941433738 0.036953579634428024 1
1679941685122 0.03392428532242775 2
1679941938289 0.03194594383239746 3
1679942192807 0.028164967894554138 4
1679942435433 0.02793571911752224 5
1679942673517 0.02527368627488613 6
1679942905411 0.02403782121837139 7
1679943135390 0.022617973387241364 8
1679943366463 0.022330546751618385 9
1679943594107 0.02155732922255993 10
1679943817955 0.0213339701294899 11
1679944041379 0.020939525216817856 12
1679944263738 0.019869113340973854 13
1679944485330 0.01979317143559456 14
1679944706818 0.0198745746165514 15
1679944927527 0.01969372294843197 16
1679945147406 0.019195804372429848 17
1679945368145 0.019767358899116516 18
1679945590541 0.019908681511878967 19
1679945810505 0.01894265227019787 20
1679946030371 0.018697228282690048 21
1679946249840 0.018955495208501816 22
1679946470103 0.018169552087783813 23
1679946689496 0.017682213336229324 24
1679946909597 0.01745743490755558 25
1679947129203 0.016700634732842445 26
1679947349595 0.016179043799638748 27
1679947569500 0.015966232866048813 28
1679947788903 0.014233250170946121 29
1679948008522 0.013052642345428467 30
1679948227158 0.012301144190132618 31
1679948447293 0.011943343095481396 32
1679948666618 0.010854772292077541 33
1679948885586 0.010143354535102844 34
1679949104253 0.009361487813293934 35
1679949323422 0.00910190213471651 36
1679949541960 0.009152255021035671 37
1679949761700 0.008603723719716072 38
1679949981833 0.008901509456336498 39
1679950200512 0.00791653711348772 40
1679950418647 0.007766264025121927 41
1679950637101 0.007593029644340277 42
1679950857027 0.007301801815629005 43
1679951075894 0.007141239009797573 44
1679951294595 0.007048835512250662 45
1679951513703 0.007017493713647127 46
1679951733361 0.007382753770798445 47
1679951952010 0.007331428583711386 48
1679952170728 0.007204742636531591 49
1679952389530 0.0068900249898433685 50
1679952608591 0.006648443639278412 51
1679952827407 0.006418511737138033 52
1679953045884 0.006050433497875929 53
1679953265050 0.0060330843552947044 54
1679953484494 0.006471097469329834 55
1679953703659 0.006168626248836517 56
1679953923011 0.006496812682598829 57
1679954141919 0.006065714173018932 58
1679954360330 0.006206037942320108 59
1679954579464 0.006008236203342676 60
1679954798358 0.006013631355017424 61
1679955017230 0.006418958771973848 62
1679955235944 0.005917579401284456 63
1679955455473 0.005949696060270071 64
1679955674752 0.00594943156465888 65
1679955893097 0.005783780477941036 66
1679956112112 0.005373713094741106 67
1679956330515 0.00572633882984519 68
1679956549745 0.005236130673438311 69
1679956767770 0.005232890602201223 70
1679956987067 0.005110414698719978 71
1679957206848 0.005403139162808657 72
1679957425131 0.0054497793316841125 73
1679957644075 0.005457158666104078 74
1679957862961 0.00533337751403451 75
1679958081595 0.005655224435031414 76
1679958299973 0.004936684388667345 77
1679958518910 0.0050662606954574585 78
1679958737813 0.00543846283107996 79
1679958957544 0.005694165360182524 80
1679959176169 0.004994619637727737 81
1679959394472 0.005848141852766275 82
1679959612683 0.0053174798376858234 83
1679959831283 0.004735905211418867 84
1679960049953 0.005380367860198021 85
1679960268347 0.004804414231330156 86
1679960487115 0.00512878131121397 87
1679960705510 0.005307682324200869 88
1679960924571 0.004803890362381935 89
1679961143427 0.00540604954585433 90
1679961362389 0.005183286964893341 91
1679961581033 0.00472272839397192 92
1679961799501 0.005406241863965988 93
1679962018644 0.004943108186125755 94
1679962238016 0.005158144515007734 95
1679962456851 0.004771233070641756 96
1679962676810 0.00456622987985611 97
1679962895836 0.0052606649696826935 98
1679963114336 0.005091915838420391 99
1679963333907 0.005630317609757185 100
1679963553086 0.004686411935836077 101
1679963771285 0.0051236324943602085 102
1679963990141 0.0045363400131464005 103
1679964209129 0.004843376576900482 104
1679964428247 0.0054785506799817085 105
1679964646997 0.004578927531838417 106
1679964865436 0.00454301293939352 107
1679965084209 0.004615135490894318 108
1679965303177 0.004965323954820633 109
1679965521500 0.004845249932259321 110
1679965740067 0.004490158520638943 111
1679965959188 0.0047476221807301044 112
1679966178387 0.004955744370818138 113
1679966397120 0.00428982637822628 114
1679966615467 0.0040914081037044525 115
1679966834457 0.004092079121619463 116
1679967052902 0.004833938088268042 117
1679967271972 0.004769917577505112 118
