1679941182471 0.05580007657408714 0
1679941433738 0.06479844450950623 1
1679941685122 0.06328319013118744 2
1679941938289 0.06854492425918579 3
1679942192807 0.06342285871505737 4
1679942435433 0.05933935195207596 5
1679942673517 0.05985888093709946 6
1679942905411 0.05365796014666557 7
1679943135390 0.05398170277476311 8
1679943366463 0.056135207414627075 9
1679943594107 0.050495635718107224 10
1679943817955 0.0502062626183033 11
1679944041379 0.046568501740694046 12
1679944263738 0.049381956458091736 13
1679944485330 0.044920019805431366 14
1679944706818 0.0433625727891922 15
1679944927527 0.043316081166267395 16
1679945147406 0.04079984501004219 17
1679945368145 0.04165805131196976 18
1679945590541 0.04144791513681412 19
1679945810505 0.040569864213466644 20
1679946030371 0.040365442633628845 21
1679946249840 0.04265211895108223 22
1679946470103 0.0417671836912632 23
1679946689496 0.04177698865532875 24
1679946909597 0.04193668067455292 25
1679947129203 0.037699103355407715 26
1679947349595 0.03985053300857544 27
1679947569500 0.03805014118552208 28
1679947788903 0.039501264691352844 29
1679948008522 0.03817010298371315 30
1679948227158 0.03770773485302925 31
1679948447293 0.039335936307907104 32
1679948666618 0.03648827224969864 33
1679948885586 0.03888731449842453 34
1679949104253 0.03930087387561798 35
1679949323422 0.03805890306830406 36
1679949541960 0.03614344820380211 37
1679949761700 0.03605611249804497 38
1679949981833 0.03552495315670967 39
1679950200512 0.03550771623849869 40
1679950418647 0.03501894325017929 41
1679950637101 0.03582935035228729 42
1679950857027 0.032630033791065216 43
1679951075894 0.036387212574481964 44
1679951294595 0.034066665917634964 45
1679951513703 0.03483548387885094 46
1679951733361 0.03606271371245384 47
1679951952010 0.03326430171728134 48
1679952170728 0.03402285277843475 49
1679952389530 0.03319546952843666 50
1679952608591 0.032130640000104904 51
1679952827407 0.03190689906477928 52
1679953045884 0.03461454063653946 53
1679953265050 0.03331471607089043 54
1679953484494 0.031891074031591415 55
1679953703659 0.03337956592440605 56
1679953923011 0.033150508999824524 57
1679954141919 0.03173057362437248 58
1679954360330 0.032172780483961105 59
1679954579464 0.030959321185946465 60
1679954798358 0.031151993200182915 61
1679955017230 0.0345386303961277 62
1679955235944 0.03267490863800049 63
1679955455473 0.03270668536424637 64
1679955674752 0.03209603205323219 65
1679955893097 0.030849680304527283 66
1679956112112 0.030959229916334152 67
1679956330515 0.031060507521033287 68
1679956549745 0.032988134771585464 69
1679956767770 0.0321398600935936 70
1679956987067 0.029059965163469315 71
1679957206848 0.030374227091670036 72
1679957425131 0.030852891504764557 73
1679957644075 0.0327644981443882 74
1679957862961 0.0314159132540226 75
1679958081595 0.03304546698927879 76
1679958299973 0.029782144352793694 77
1679958518910 0.029617834836244583 78
1679958737813 0.031545087695121765 79
1679958957544 0.031158318743109703 80
1679959176169 0.02959936484694481 81
1679959394472 0.02941768988966942 82
1679959612683 0.02927921526134014 83
1679959831283 0.029811661690473557 84
1679960049953 0.02875283733010292 85
1679960268347 0.030232977122068405 86
1679960487115 0.032293617725372314 87
1679960705510 0.029022129252552986 88
1679960924571 0.029835671186447144 89
1679961143427 0.029538899660110474 90
1679961362389 0.02957095205783844 91
1679961581033 0.028283370658755302 92
1679961799501 0.02854708768427372 93
1679962018644 0.029132025316357613 94
1679962238016 0.029429951682686806 95
1679962456851 0.030351631343364716 96
1679962676810 0.028180861845612526 97
1679962895836 0.029621412977576256 98
1679963114336 0.02928156964480877 99
1679963333907 0.028432967141270638 100
1679963553086 0.029161563143134117 101
1679963771285 0.028075577691197395 102
1679963990141 0.026047030463814735 103
1679964209129 0.02922184392809868 104
1679964428247 0.02954651415348053 105
1679964646997 0.028512045741081238 106
1679964865436 0.02884780801832676 107
1679965084209 0.02810187265276909 108
1679965303177 0.029728127643465996 109
1679965521500 0.028147753328084946 110
1679965740067 0.028272025287151337 111
1679965959188 0.029424557462334633 112
1679966178387 0.02695475146174431 113
1679966397120 0.02747572958469391 114
1679966615467 0.027040181681513786 115
1679966834457 0.0273324865847826 116
1679967052902 0.028594231233000755 117
1679967271972 0.027730083093047142 118
