1679571912267 0.0003669788684647914 0
1679572683839 0.002142262321458236 3
1679572912325 0.004639988346179232 4
1679573144164 0.009392413384699498 5
1679573620317 0.03316704898010464 7
1679574093544 0.07721072738028073 9
1679574324567 0.12380252381228125 10
1679574545666 0.21494497697886072 11
1679574765682 0.25006363059889564 12
1679574985839 0.29820433182883704 13
1679575423673 0.34620024579008035 15
1679576079259 0.439680270075202 18
1679577615072 0.4467300699785488 25
1679577832790 0.4857603640859864 26
1679578051009 0.5358757123619307 27
1679578268386 0.5641029157884809 28
1679579576813 0.5924255843516893 34
1679579794138 0.5934663090682099 35
1679580011398 0.5990158065767514 36
1679580662618 0.6168485401256804 39
1679581965489 0.6409774648519865 45
1679582616941 0.6612821547162486 48
1679582833718 0.6630812057573009 49
1679583268701 0.6662999673490653 51
1679583486115 0.6819298000231445 52
1679584570609 0.6862598534720604 57
1679585220931 0.6966864942498107 60
1679585654732 0.7046342137801714 62
1679586740159 0.7113870512418149 67
1679587608085 0.735192607137936 71
1679588476934 0.7368760831644007 75
1679589344742 0.7450801032612193 79
1679590212634 0.7498549345939153 83
1679590863182 0.7507718366075209 86
1679591297275 0.7584626874165821 88
1679592599162 0.7610921792615756 94
1679593466686 0.7707791834176013 98
1679593683675 0.7755280372741096 99
1679594551677 0.7790128497008806 103
1679595419319 0.7805131381267468 107
1679596069675 0.7849349764511651 110
1679596937748 0.7863035693492942 114
1679597155159 0.7914637810502295 115
1679598455330 0.7917999500443136 121
