1679571912267 0.0014148891380427488 0
1679572683839 0.7120055442283099 3
1679572912325 0.018927394880545043 4
1679573144164 0.05415969117954724 5
1679573620317 0.15747208409103483 7
1679574093544 0.5129622184298699 9
1679574324567 0.2607026633172593 10
1679574545666 0.37512491988792207 11
1679574765682 0.7921784164499774 12
1679574985839 0.8471053081921455 13
1679575423673 0.7727578040616095 15
1679576079259 0.8739839686419786 18
1679577615072 0.8190004258346378 25
1679577832790 0.8975435681219391 26
1679578051009 0.8896547239908391 27
1679578268386 0.8899336441375146 28
1679579576813 0.9030453677474255 34
1679579794138 0.9072067676874539 35
1679580011398 0.9288869703939318 36
1679580662618 0.9009625318611582 39
1679581965489 0.9282954339029575 45
1679582616941 0.928138889110853 48
1679582833718 0.9343887886350358 49
1679583268701 0.923086239707843 51
1679583486115 0.9402769919961936 52
1679584570609 0.9388872034120133 57
1679585220931 0.9390355613099813 60
1679585654732 0.9460168404559951 62
1679586740159 0.9450941355479802 67
1679587608085 0.9419630233388911 71
1679588476934 0.9538498077349079 75
1679589344742 0.9555305774295858 79
1679590212634 0.9592283766595436 83
1679590863182 0.9505429750544229 86
1679591297275 0.9630975170964446 88
1679592599162 0.9624894611334329 94
1679593466686 0.9629873259076636 98
1679593683675 0.9653156019415281 99
1679594551677 0.9623221338861462 103
1679595419319 0.9648512566942884 107
1679596069675 0.9608025520196305 110
1679596937748 0.9671282286249889 114
1679597155159 0.9565184130009122 115
1679598455330 0.9740531185825335 121
