1679571912267 0.04342667299477931 0
1679572683839 0.011627906976744186 3
1679572912325 0.12821797886446404 4
1679573144164 0.2890625492507581 5
1679573620317 0.21232514010855655 7
1679574093544 0.33308537218338197 9
1679574324567 0.6394555196422155 10
1679574545666 0.6413069448330999 11
1679574765682 0.4417459203428778 12
1679574985839 0.4744107038484737 13
1679575423673 0.6794254460974187 15
1679576079259 0.7573401377836068 18
1679577615072 0.8281752043918035 25
1679577832790 0.8050762763553823 26
1679578051009 0.8135771820407088 27
1679578268386 0.8317716030740256 28
1679579576813 0.8775828035640364 34
1679579794138 0.8733535045004439 35
1679580011398 0.8763848565827134 36
1679580662618 0.9006540501615321 39
1679581965489 0.9119218992763977 45
1679582616941 0.9101009561887962 48
1679582833718 0.9100989345940147 49
1679583268701 0.9208611348972768 51
1679583486115 0.9249033799770235 52
1679584570609 0.9234763867996509 57
1679585220931 0.9322470314802759 60
1679585654732 0.9300489117093115 62
1679586740159 0.9346432757191332 67
1679587608085 0.9356639063655194 71
1679588476934 0.9375575436476166 75
1679589344742 0.9475238774599078 79
1679590212634 0.9422444113411994 83
1679590863182 0.9523483061641761 86
1679591297275 0.9440837100031311 88
1679592599162 0.9393922243175337 94
1679593466686 0.9466279524117945 98
1679593683675 0.9490407661109551 99
1679594551677 0.9516500920138696 103
1679595419319 0.9529434132700022 107
1679596069675 0.95831869011195 110
1679596937748 0.9510479006933615 114
1679597155159 0.9636199566098007 115
1679598455330 0.9482935598535955 121
