1679476343433 0.0784 0
1679476599314 0.055824203125 1
1679476859444 0.033171062500000015 2
1679477121101 0.010440578125000016 3
1679477379374 0.00938125 4
1679477641082 0.00938125 5
1679477904397 0.0092265625 6
1679478159789 0.009071875 7
1679478411684 0.0089171875 8
1679478658969 0.0087625 9
1679478906270 0.008607812500000001 10
1679479170063 0.008453125 11
1679479442819 0.0082984375 12
1679479698282 0.00814375 13
1679479955890 0.007989062500000001 14
1679480220306 0.007834375000000001 15
1679480465193 0.0076796875 16
1679480717264 0.007525 17
1679480964938 0.0073703125 18
1679481205924 0.007215625 19
1679481444429 0.0070609374999999995 20
1679481696040 0.006906250000000001 21
1679481940846 0.006751562500000001 22
1679482194252 0.006596875 23
1679482447660 0.0064421875 24
1679482706461 0.0062875000000000006 25
1679482958426 0.0061328125 26
1679483211117 0.005978125 27
1679483468229 0.0058234375000000005 28
1679483735504 0.00566875 29
1679483990368 0.0055140625 30
1679484226214 0.0053593749999999996 31
1679484495597 0.0052046875 32
1679484760790 0.00505 33
1679485017840 0.0048953125 34
1679485288995 0.004740625 35
1679485549839 0.004585937500000001 36
1679485817558 0.00443125 37
1679486082940 0.0042765625 38
1679486341012 0.004121875 39
1679486603931 0.0039671875 40
1679486863713 0.0038125 41
1679487126999 0.0036578125 42
1679487387038 0.003503125 43
1679487656802 0.0033484375 44
1679487909465 0.0031937500000000004 45
1679488156732 0.0030390625 46
1679488411601 0.0028843750000000002 47
1679488657970 0.0027296875 48
1679488894972 0.002575 49
1679489135267 0.0024203125 50
1679489391592 0.002265625 51
1679489644602 0.0021109375 52
1679489893577 0.00195625 53
1679490138985 0.0018015625000000002 54
1679490382030 0.0016468750000000001 55
1679490627892 0.0014921875000000002 56
1679490872533 0.0013375000000000001 57
1679491115836 0.0011828124999999998 58
1679491348053 0.001028125 59
1679491586060 0.0008734375 60
1679491819372 0.00071875 61
1679492047203 0.0005640625 62
1679492273984 0.000409375 63
