1680871844040 0.00033179581668645367 0
1680871862262 0.007027941688492102 6
1680871864966 0.018679579409734835 7
1680871867614 0.0216346800406154 8
1680871876669 0.05132606472982426 11
1680871879404 0.06908956006102353 12
1680871882109 0.19186362104400465 13
1680871887257 0.24356181485851366 15
1680871891907 0.34039464851825924 17
1680871896539 0.3685534888340376 19
1680871901085 0.3837643881788499 21
1680871903384 0.38890586527701165 22
1680871905738 0.4540141198244953 23
1680871912486 0.4501516016321469 26
1680871916993 0.4651790013585395 28
1680871919306 0.4735012383571168 29
1680871921672 0.4836827879737762 30
1680871923970 0.501449427654807 31
1680871928554 0.5675372965289465 33
1680871935241 0.5914635535424182 36
1680871937579 0.5990488136803032 37
1680871939848 0.6255530753201362 38
1680871957692 0.6485943238118372 46
1680871970910 0.6652411459936572 52
1680871973235 0.6800854866523552 53
1680871990842 0.6885988049666377 61
1680871995257 0.7056263814965282 63
1680872004090 0.72075442539576 67
1680872026192 0.7260239904312137 77
1680872028399 0.7268367430986619 78
1680872030636 0.7411982396106568 79
1680872035046 0.744929737568655 81
1680872056950 0.7499715071563523 91
1680872063580 0.7699618558780893 94
1680872089888 0.7750372313564443 106
1680872098729 0.7752348451038099 110
1680872100957 0.7779960458436599 111
1680872103273 0.7781445915108804 112
1680872109868 0.7838121916576863 115
1680872112165 0.7867838631553762 116
1680872114388 0.7894910592228802 117
1680872129700 0.7926277091475432 124
