1680871844040 0.0013144841269841269 0
1680871862262 0.6868251783634006 6
1680871864966 0.0846269780937895 7
1680871867614 0.07018975079402996 8
1680871876669 0.12084428788409037 11
1680871879404 0.13671332066208342 12
1680871882109 0.628651169011597 13
1680871887257 0.34149366414869925 15
1680871891907 0.4389222187463104 17
1680871896539 0.5031701550868041 19
1680871901085 0.642520460015429 21
1680871903384 0.6104552780821829 22
1680871905738 0.7615004102760735 23
1680871912486 0.8439748884287223 26
1680871916993 0.8394326321255701 28
1680871919306 0.8167324949956337 29
1680871921672 0.7230397178423474 30
1680871923970 0.9017420959645857 31
1680871928554 0.8792704071901722 33
1680871935241 0.8975481497951829 36
1680871937579 0.8949375156495801 37
1680871939848 0.9067352376562559 38
1680871957692 0.9172700601971707 46
1680871970910 0.9295735728309338 52
1680871973235 0.9297900012496793 53
1680871990842 0.9360053372228591 61
1680871995257 0.9380917675577963 63
1680872004090 0.9506532840053916 67
1680872026192 0.9580774649951636 77
1680872028399 0.9505794185418989 78
1680872030636 0.9525528851974282 79
1680872035046 0.9490575270822132 81
1680872056950 0.94473359637558 91
1680872063580 0.9460912964901121 94
1680872089888 0.9579661834608427 106
1680872098729 0.9590613127592911 110
1680872100957 0.9586544501556035 111
1680872103273 0.9524080227646481 112
1680872109868 0.9514949621602306 115
1680872112165 0.9512485464976456 116
1680872114388 0.9594091980045899 117
1680872129700 0.9633191869843959 124
