1680871844040 0.14450714060458622 0
1680871862262 0.02924944812362031 6
1680871864966 0.12956897754737592 7
1680871867614 0.3060430979603138 8
1680871876669 0.4331857229989937 11
1680871879404 0.6897972737192305 12
1680871882109 0.3194197542058424 13
1680871887257 0.7485454087044774 15
1680871891907 0.7648909478359633 17
1680871896539 0.7448196064598775 19
1680871901085 0.704085853545469 21
1680871903384 0.7204181593540846 22
1680871905738 0.7341807028232266 23
1680871912486 0.771338938006941 26
1680871916993 0.8168227023906675 28
1680871919306 0.7391896586846732 29
1680871921672 0.7779608442148631 30
1680871923970 0.8116127694764067 31
1680871928554 0.8346973709227771 33
1680871935241 0.8678758906364484 36
1680871937579 0.8746342851966084 37
1680871939848 0.8879018363809025 38
1680871957692 0.9132078692771287 46
1680871970910 0.9079138678395805 52
1680871973235 0.9173437887784179 53
1680871990842 0.930814073270303 61
1680871995257 0.9368113806268908 63
1680872004090 0.9295091752672867 67
1680872026192 0.9334741325243527 77
1680872028399 0.9375091892388919 78
1680872030636 0.9474228852479533 79
1680872035046 0.942192521354531 81
1680872056950 0.9590011623907194 91
1680872063580 0.9491300062011061 94
1680872089888 0.9496830204054773 106
1680872098729 0.9432324636001465 110
1680872100957 0.9507290138714221 111
1680872103273 0.9560511420001481 112
1680872109868 0.9573761503255399 115
1680872112165 0.9601809853710132 116
1680872114388 0.9500561118787457 117
1680872129700 0.9492076157745286 124
