1679900183667 0.00021094827619679121 0
1679900686755 0.0008100097582744441 2
1679901194509 0.0015570217710325401 4
1679901438242 0.04630747318125727 5
1679901907642 0.079332180255954 7
1679902137263 0.11766271383441218 8
1679902595695 0.1463482443459918 10
1679902820278 0.1837438010272908 11
1679903489020 0.23172449248226754 14
1679903710372 0.2610100146967816 15
1679905036147 0.3410475889810795 21
1679905695959 0.43039112781068045 24
1679905916725 0.43085553970788387 25
1679906136771 0.44314748251766795 26
1679906356515 0.48438080598749494 27
1679906576107 0.4810029023000609 28
1679907016158 0.5050756138211353 30
1679908553447 0.5233301308276088 37
1679908772841 0.6006905727630051 38
1679910527688 0.6308799938368169 46
1679912062351 0.6526963413352761 53
1679913598378 0.660413341167421 60
1679914475540 0.6900937768377539 64
1679915571558 0.7048312038726344 69
1679917106373 0.7087586900123659 76
1679918860017 0.7116141371689775 84
1679919300072 0.7166297362118913 86
1679919519958 0.7339598032810611 87
1679920616533 0.742084661722739 92
1679921495428 0.7498534094160424 96
1679922153943 0.7531921556766394 99
1679924569052 0.7544513953844457 110
1679924789294 0.7561677848484614 111
1679925009096 0.7573269454545496 112
1679925228259 0.7583631776573702 113
1679925447785 0.7642956617919258 114
1679926106678 0.7663899774973002 117
1679926326115 0.7677834848409182 118
1679926547446 0.7704479940218057 119
1679927206116 0.772240958453442 122
1679927426527 0.7791873021204564 123
1679927867528 0.7859772699436971 125
