1679900183667 0.0017970544369245028 0
1679900686755 0.004152439666722964 2
1679901194509 0.34497996417392945 4
1679901438242 0.801741524467241 5
1679901907642 0.14590240578559774 7
1679902137263 0.31034374956921446 8
1679902595695 0.3578395712597444 10
1679902820278 0.33691274633583257 11
1679903489020 0.4232156939960245 14
1679903710372 0.44933012985483406 15
1679905036147 0.5133228038001211 21
1679905695959 0.6443523657284499 24
1679905916725 0.765504446057205 25
1679906136771 0.7909846749494472 26
1679906356515 0.6619826780731198 27
1679906576107 0.8601813146247359 28
1679907016158 0.8957554646730851 30
1679908553447 0.8759728082244039 37
1679908772841 0.8988084489880696 38
1679910527688 0.911096428548125 46
1679912062351 0.9329649578779803 53
1679913598378 0.9407587002054266 60
1679914475540 0.9493197899665452 64
1679915571558 0.944213124217406 69
1679917106373 0.9545227931000538 76
1679918860017 0.9381239082750188 84
1679919300072 0.9589769584696977 86
1679919519958 0.9524765208823479 87
1679920616533 0.9502402751485909 92
1679921495428 0.9631895970495901 96
1679922153943 0.9616392626329874 99
1679924569052 0.9617437634819866 110
1679924789294 0.9456793097417676 111
1679925009096 0.9524834428030777 112
1679925228259 0.9569269549665305 113
1679925447785 0.9527185356163734 114
1679926106678 0.9564171931767517 117
1679926326115 0.9622161062501258 118
1679926547446 0.9626150512947232 119
1679927206116 0.9539554972969144 122
1679927426527 0.9524702850724204 123
1679927867528 0.9564891498471564 125
