1679900183667 0.05349232716342351 0
1679900686755 0.03654485049833887 2
1679901194509 0.022702104097452935 4
1679901438242 0.1150603009120834 5
1679901907642 0.4292365108083744 7
1679902137263 0.47902745906549643 8
1679902595695 0.4778265394680002 10
1679902820278 0.5921067977078304 11
1679903489020 0.7132612453393943 14
1679903710372 0.7128937096218833 15
1679905036147 0.739647659513918 21
1679905695959 0.7337884749747395 24
1679905916725 0.7460904000371792 25
1679906136771 0.7426488615239513 26
1679906356515 0.803389585391546 27
1679906576107 0.7625688990718148 28
1679907016158 0.789247122114411 30
1679908553447 0.8602929674562655 37
1679908772841 0.899680108310223 38
1679910527688 0.9170457122651993 46
1679912062351 0.9083492131298909 53
1679913598378 0.9185197154523678 60
1679914475540 0.8994132911979497 64
1679915571558 0.9299428305435423 69
1679917106373 0.9362304816346668 76
1679918860017 0.9432336700621734 84
1679919300072 0.9408792023936355 86
1679919519958 0.9450521018609995 87
1679920616533 0.9515197072210081 92
1679921495428 0.9476640151580007 96
1679922153943 0.9468284219140939 99
1679924569052 0.9505057395547394 110
1679924789294 0.9549337449254606 111
1679925009096 0.954974116793529 112
1679925228259 0.9580809315293591 113
1679925447785 0.958381289500046 114
1679926106678 0.9599198852300764 117
1679926326115 0.9601656524923995 118
1679926547446 0.9563018618574906 119
1679927206116 0.9649038585506249 122
1679927426527 0.9603503842179828 123
1679927867528 0.9605754647413342 125
