1679833789675 0.00021094827619679121 0
1679834297842 0.0008100097582744441 2
1679834812959 0.0015570217710325401 4
1679835058533 0.04595151874115979 5
1679835532501 0.079332180255954 7
1679835764835 0.11766271383441218 8
1679836229026 0.1463482443459918 10
1679836456585 0.1837438010272908 11
1679837131652 0.23172449248226754 14
1679837355773 0.2610100146967816 15
1679838696506 0.3410475889810795 21
1679839364206 0.43039112781068045 24
1679839587350 0.43085553970788387 25
1679839810063 0.44314748251766795 26
1679840033394 0.48438080598749494 27
1679840256407 0.4810029023000609 28
1679840701143 0.5050756138211353 30
1679842257572 0.5233301308276088 37
1679842479296 0.6006905727630051 38
1679844254030 0.6308799938368169 46
1679845807032 0.6526963413352761 53
1679847359695 0.660413341167421 60
1679848246726 0.6900937768377539 64
1679849354566 0.7048312038726344 69
1679850907083 0.7087586900123659 76
1679852680501 0.7116141371689775 84
1679853124239 0.7166297362118913 86
1679853345905 0.7339598032810611 87
1679854453751 0.742084661722739 92
1679855339801 0.7498534094160424 96
1679856003886 0.7531921556766394 99
1679858444026 0.7544513953844457 110
1679858665398 0.7561677848484614 111
1679858887094 0.7573269454545496 112
1679859108411 0.7583631776573702 113
1679859329876 0.7642956617919258 114
1679859994882 0.7663899774973002 117
1679860216768 0.7677834848409182 118
1679860438622 0.7704479940218057 119
1679861103809 0.772240958453442 122
1679861325125 0.7791873021204564 123
1679861769386 0.7859772699436971 125
