1679833789675 0.0017970544369245028 0
1679834297842 0.004152439666722964 2
1679834812959 0.34497996417392945 4
1679835058533 0.8020252303555416 5
1679835532501 0.14590240578559774 7
1679835764835 0.31034374956921446 8
1679836229026 0.3578395712597444 10
1679836456585 0.33691274633583257 11
1679837131652 0.4232156939960245 14
1679837355773 0.44933012985483406 15
1679838696506 0.5133228038001211 21
1679839364206 0.6443523657284499 24
1679839587350 0.765504446057205 25
1679839810063 0.7909846749494472 26
1679840033394 0.6619826780731198 27
1679840256407 0.8601813146247359 28
1679840701143 0.8957554646730851 30
1679842257572 0.8759728082244039 37
1679842479296 0.8988084489880696 38
1679844254030 0.911096428548125 46
1679845807032 0.9329649578779803 53
1679847359695 0.9407587002054266 60
1679848246726 0.9493197899665452 64
1679849354566 0.944213124217406 69
1679850907083 0.9545227931000538 76
1679852680501 0.9381239082750188 84
1679853124239 0.9589769584696977 86
1679853345905 0.9524765208823479 87
1679854453751 0.9502402751485909 92
1679855339801 0.9631895970495901 96
1679856003886 0.9616392626329874 99
1679858444026 0.9617437634819866 110
1679858665398 0.9456793097417676 111
1679858887094 0.9524834428030777 112
1679859108411 0.9569269549665305 113
1679859329876 0.9527185356163734 114
1679859994882 0.9564171931767517 117
1679860216768 0.9622161062501258 118
1679860438622 0.9626150512947232 119
1679861103809 0.9539554972969144 122
1679861325125 0.9524702850724204 123
1679861769386 0.9564891498471564 125
