1679833789675 0.05349232716342351 0
1679834297842 0.03654485049833887 2
1679834812959 0.022702104097452935 4
1679835058533 0.11395288120001253 5
1679835532501 0.4292365108083744 7
1679835764835 0.47902745906549643 8
1679836229026 0.4778265394680002 10
1679836456585 0.5921067977078304 11
1679837131652 0.7132612453393943 14
1679837355773 0.7128937096218833 15
1679838696506 0.739647659513918 21
1679839364206 0.7337884749747395 24
1679839587350 0.7460904000371792 25
1679839810063 0.7426488615239513 26
1679840033394 0.803389585391546 27
1679840256407 0.7625688990718148 28
1679840701143 0.789247122114411 30
1679842257572 0.8602929674562655 37
1679842479296 0.899680108310223 38
1679844254030 0.9170457122651993 46
1679845807032 0.9083492131298909 53
1679847359695 0.9185197154523678 60
1679848246726 0.8994132911979497 64
1679849354566 0.9299428305435423 69
1679850907083 0.9362304816346668 76
1679852680501 0.9432336700621734 84
1679853124239 0.9408792023936355 86
1679853345905 0.9450521018609995 87
1679854453751 0.9515197072210081 92
1679855339801 0.9476640151580007 96
1679856003886 0.9468284219140939 99
1679858444026 0.9505057395547394 110
1679858665398 0.9549337449254606 111
1679858887094 0.954974116793529 112
1679859108411 0.9580809315293591 113
1679859329876 0.958381289500046 114
1679859994882 0.9599198852300764 117
1679860216768 0.9601656524923995 118
1679860438622 0.9563018618574906 119
1679861103809 0.9649038585506249 122
1679861325125 0.9603503842179828 123
1679861769386 0.9605754647413342 125
