1680871484928 0.0003309382651331836 0
1680871488785 0.0003821982155392798 1
1680871492077 0.00017752592335410205 2
1680871495351 0.0013548552436815598 3
1680871499319 0.0024376794994465864 4
1680871507016 0.005603350810977297 5
1680871516679 0.008035932288503559 6
1680871529092 0.015073640317576109 7
1680871532435 0.09940130029576881 8
1680871535256 0.13964127067588974 9
1680871537994 0.09933548273057093 10
1680871540541 0.17124328920653942 11
1680871543198 0.12426706667567122 12
1680871545741 0.16546971952170378 13
1680871548174 0.22168238893975759 14
1680871550675 0.2520516339653433 15
1680871553079 0.2856572345827122 16
1680871555466 0.3125905531300201 17
1680871557897 0.22446712243082503 18
1680871560269 0.36214474580787903 19
1680871562688 0.3397302455013628 20
1680871565033 0.3524911869142106 21
1680871567378 0.27026531552859767 22
1680871569796 0.35451376419818015 23
1680871572168 0.3427684853817546 24
1680871574509 0.30169393140920936 25
1680871576841 0.35684135553944873 26
1680871579229 0.43181671662469284 27
1680871581628 0.4871154744250197 28
1680871584020 0.4230508918333234 29
1680871586345 0.4749220313964598 30
1680871588748 0.40983539718977235 31
1680871591075 0.48310248402707495 32
1680871593485 0.45112592574994226 33
1680871595834 0.5598569325769696 34
1680871598215 0.4176903901126787 35
1680871600530 0.4604192366729243 36
1680871602841 0.5669163082819103 37
1680871605201 0.5531195374333111 38
1680871607590 0.5479537893741844 39
1680871609903 0.5507907162540926 40
1680871612225 0.4842743572324621 41
1680871614541 0.575311920942549 42
1680871616920 0.10995648007196611 43
1680871619278 0.6136874984744665 44
1680871621650 0.6208451440975981 45
1680871624106 0.605319864025745 46
1680871626436 0.6031919527008405 47
1680871628766 0.5814094875495734 48
1680871631090 0.6614998254301283 49
1680871633457 0.651467521842589 50
1680871635767 0.5821381983467914 51
1680871638087 0.6276738748160997 52
1680871640395 0.648478462107085 53
1680871642805 0.6401785434813433 54
1680871645130 0.6749442152831143 55
1680871647494 0.6613801672742459 56
1680871649810 0.6387370427143434 57
1680871652113 0.6978446444549459 58
1680871654516 0.6977130737917939 59
1680871656903 0.6652983301377439 60
1680871659211 0.7017798084726304 61
1680871661670 0.6797078669763926 62
1680871664033 0.6892981866696601 63
1680871666344 0.6376763108630478 64
1680871668696 0.6303340855523182 65
1680871671018 0.7232818655421354 66
1680871673415 0.6747631081180075 67
1680871675738 0.6978776363032578 68
1680871678139 0.7096599507067429 69
1680871680448 0.6921765261844227 70
1680871682773 0.6952741708753217 71
1680871685099 0.6845835930884941 72
1680871687413 0.6979855651104131 73
1680871689731 0.7133273565748152 74
1680871692039 0.6904871178058931 75
1680871694331 0.673714084729038 76
1680871696698 0.6864602242940218 77
1680871699016 0.7253883662997377 78
1680871701383 0.7324382184161445 79
1680871703742 0.7035683524290613 80
1680871706045 0.7230191925704185 81
1680871708372 0.7357661100778118 82
1680871710747 0.7422306535875767 83
1680871713101 0.7466322701575129 84
1680871715524 0.7441910405428948 85
1680871717839 0.7156699453923068 86
1680871720149 0.7210521404169296 87
1680871722462 0.7323692129966867 88
1680871724778 0.7311497639608303 89
1680871727111 0.7505809060324435 90
1680871729536 0.7538344765950552 91
1680871731969 0.7373675392222312 92
1680871734288 0.7411542221636638 93
1680871736610 0.7551839249146473 94
1680871738985 0.7503753532701017 95
1680871741303 0.7331916349954058 96
1680871743662 0.7500045140361316 97
1680871745973 0.757702201670206 98
1680871748333 0.753927692905037 99
1680871750704 0.7550123015230814 100
1680871753049 0.7572756096037843 101
1680871755355 0.7642572916250469 102
1680871757754 0.7627659999015113 103
1680871760057 0.757271649760971 104
1680871762355 0.7628295409819322 105
1680871764668 0.7711673975721425 106
1680871767120 0.7645399052032621 107
1680871769444 0.7746833330755615 108
1680871771817 0.7724207317905752 109
1680871774122 0.7738880740552565 110
1680871776427 0.7818898093912897 111
1680871778783 0.7778599123823774 112
1680871781107 0.7717909604902803 113
1680871783417 0.7766502481930263 114
1680871785804 0.7787871204896107 115
1680871788112 0.7819812798864977 116
1680871790473 0.7812184954368656 117
1680871792780 0.7852093489496813 118
1680871795149 0.7852560816435741 119
1680871797500 0.7866920962018739 120
1680871799853 0.7861555170781775 121
1680871802151 0.7871367433104092 122
1680871804581 0.7841547861049082 123
1680871806874 0.7869049182312954 124
1680871809176 0.7875671272010244 125
1680871811536 0.7898257108878971 126
1680871813902 0.7867383436399112 127
