1680871484928 0.001344093467670594 0
1680871488785 0.002275506137873614 1
1680871492077 0.0008798454416353692 2
1680871495351 0.007270130801843174 3
1680871499319 0.6936507936507935 4
1680871507016 0.7003125279717167 5
1680871516679 0.7066593251739123 6
1680871529092 0.05571027543180863 7
1680871532435 0.3037892260842859 8
1680871535256 0.24950177954100794 9
1680871537994 0.25021714881402696 10
1680871540541 0.3283646411014709 11
1680871543198 0.6548307236470641 12
1680871545741 0.2777942257177281 13
1680871548174 0.4564835020140281 14
1680871550675 0.4501688984420573 15
1680871553079 0.38697793976120254 16
1680871555466 0.5436748349737316 17
1680871557897 0.3581192421530381 18
1680871560269 0.5074119530037199 19
1680871562688 0.5306286544754 20
1680871565033 0.5080782309073909 21
1680871567378 0.46166524416821114 22
1680871569796 0.5223080051366695 23
1680871572168 0.48851295079862395 24
1680871574509 0.558414504245249 25
1680871576841 0.5338425340173552 26
1680871579229 0.6487718754552597 27
1680871581628 0.7072361747085022 28
1680871584020 0.665347472295135 29
1680871586345 0.7079701013295816 30
1680871588748 0.7120858927637038 31
1680871591075 0.7923216698837643 32
1680871593485 0.7950840950056127 33
1680871595834 0.8610818664901642 34
1680871598215 0.8286706689498679 35
1680871600530 0.8804206742632066 36
1680871602841 0.91095408965896 37
1680871605201 0.9123994466895756 38
1680871607590 0.9282093385733153 39
1680871609903 0.9258091582548031 40
1680871612225 0.8767710217669474 41
1680871614541 0.8419750045470099 42
1680871616920 0.3161607216993495 43
1680871619278 0.9159488736321736 44
1680871621650 0.9183549240349104 45
1680871624106 0.9178143969329322 46
1680871626436 0.9202300745545005 47
1680871628766 0.9275870074604192 48
1680871631090 0.925742546092085 49
1680871633457 0.936805050625257 50
1680871635767 0.9048264978554733 51
1680871638087 0.9376227333588457 52
1680871640395 0.9345163881613859 53
1680871642805 0.9203195156094172 54
1680871645130 0.9493679350071864 55
1680871647494 0.9407825353185467 56
1680871649810 0.9429384444955692 57
1680871652113 0.9329555644511252 58
1680871654516 0.9518190720291552 59
1680871656903 0.95108815123348 60
1680871659211 0.9430867269388594 61
1680871661670 0.9472727061254126 62
1680871664033 0.9541518620896813 63
1680871666344 0.940013021237672 64
1680871668696 0.9494118190318138 65
1680871671018 0.9603041918452635 66
1680871673415 0.9541107542616988 67
1680871675738 0.9440281304185936 68
1680871678139 0.9516101412110318 69
1680871680448 0.9491898510243332 70
1680871682773 0.9519526591345634 71
1680871685099 0.9548897116116318 72
1680871687413 0.9486447227664304 73
1680871689731 0.9574238636288207 74
1680871692039 0.9544131487698878 75
1680871694331 0.9175399170253814 76
1680871696698 0.9493917562621008 77
1680871699016 0.9580595165528484 78
1680871701383 0.9559938072064446 79
1680871703742 0.9568971021155388 80
1680871706045 0.956933012158106 81
1680871708372 0.9597178540918097 82
1680871710747 0.9583615366617045 83
1680871713101 0.958382670282886 84
1680871715524 0.9511328666894768 85
1680871717839 0.9449289081235249 86
1680871720149 0.9519217658611696 87
1680871722462 0.9526828768718264 88
1680871724778 0.9505489408662563 89
1680871727111 0.9553665819783522 90
1680871729536 0.9439635480369238 91
1680871731969 0.9475334703347942 92
1680871734288 0.9572652978455606 93
1680871736610 0.9531973377439446 94
1680871738985 0.9506965317644943 95
1680871741303 0.9499040309088281 96
1680871743662 0.9572775484344086 97
1680871745973 0.9566662524011011 98
1680871748333 0.9586999838585886 99
1680871750704 0.950482220751839 100
1680871753049 0.9567576088516265 101
1680871755355 0.956823224631662 102
1680871757754 0.9588104558985533 103
1680871760057 0.9574615755325778 104
1680871762355 0.9544187937657913 105
1680871764668 0.9509163026966925 106
1680871767120 0.9466874544696119 107
1680871769444 0.9558809026073846 108
1680871771817 0.9577341979785648 109
1680871774122 0.9543932827264339 110
1680871776427 0.9505603586594961 111
1680871778783 0.9531169220891812 112
1680871781107 0.9629974767218915 113
1680871783417 0.9649139039105822 114
1680871785804 0.9630373081025624 115
1680871788112 0.9604650744052105 116
1680871790473 0.9594840851232903 117
1680871792780 0.9579191343050981 118
1680871795149 0.9558000275490824 119
1680871797500 0.9587029919582183 120
1680871799853 0.958674544932722 121
1680871802151 0.9568808840589879 122
1680871804581 0.9549306350261455 123
1680871806874 0.9625629937204573 124
1680871809176 0.9588002970092148 125
1680871811536 0.9536089329669615 126
1680871813902 0.9587990008107486 127
