1680871484928 0.14476055322791367 0
1680871488785 0.15964757711867375 1
1680871492077 0.11607062787450197 2
1680871495351 0.0750551876379691 3
1680871499319 0.018763796909492276 4
1680871507016 0.1098233995584989 5
1680871516679 0.0797546995118739 6
1680871529092 0.40255979731910974 7
1680871532435 0.3041571905219862 8
1680871535256 0.5616887455397469 9
1680871537994 0.5169818485506473 10
1680871540541 0.6297182355989929 11
1680871543198 0.35133178226305023 12
1680871545741 0.6025660283186114 13
1680871548174 0.6998466004754457 14
1680871550675 0.7091563543265674 15
1680871553079 0.7098185041717264 16
1680871555466 0.7326451258685531 17
1680871557897 0.7132024614887049 18
1680871560269 0.7718433657512861 19
1680871562688 0.7733534853247931 20
1680871565033 0.8006335220709128 21
1680871567378 0.7564146853288652 22
1680871569796 0.786054640237008 23
1680871572168 0.7985590907953393 24
1680871574509 0.770381613737905 25
1680871576841 0.769376513293624 26
1680871579229 0.7935135409839962 27
1680871581628 0.7571325774892438 28
1680871584020 0.8056500108498087 29
1680871586345 0.7861728994612275 30
1680871588748 0.7733572838222229 31
1680871591075 0.8203712793821127 32
1680871593485 0.7595306733319727 33
1680871595834 0.7678106963150366 34
1680871598215 0.8166318481610491 35
1680871600530 0.8170930069273692 36
1680871602841 0.837270424853435 37
1680871605201 0.8053491129869613 38
1680871607590 0.8503325468728447 39
1680871609903 0.8655297664812696 40
1680871612225 0.8051010801174902 41
1680871614541 0.8612079321140991 42
1680871616920 0.2729933538125094 43
1680871619278 0.8864615043156183 44
1680871621650 0.8957404466177831 45
1680871624106 0.8821356760078439 46
1680871626436 0.9129353084790403 47
1680871628766 0.9159372800461559 48
1680871631090 0.9110336936458155 49
1680871633457 0.915909610373876 50
1680871635767 0.9086210350165941 51
1680871638087 0.9165932855454361 52
1680871640395 0.9250513543423602 53
1680871642805 0.917762847272332 54
1680871645130 0.9259207253563124 55
1680871647494 0.9198130835132475 56
1680871649810 0.908561566954765 57
1680871652113 0.9154385869747053 58
1680871654516 0.9257941343933839 59
1680871656903 0.9290892656527164 60
1680871659211 0.9288217429753306 61
1680871661670 0.9305334356746311 62
1680871664033 0.9193441462985068 63
1680871666344 0.9176751909989834 64
1680871668696 0.9344105416389938 65
1680871671018 0.9251539645003698 66
1680871673415 0.9172364218156419 67
1680871675738 0.9387101924243337 68
1680871678139 0.9196523299476111 69
1680871680448 0.930800141589109 70
1680871682773 0.9462187387481112 71
1680871685099 0.9444130270862469 72
1680871687413 0.9420406992444899 73
1680871689731 0.9393595417239244 74
1680871692039 0.9365515667806585 75
1680871694331 0.9131499209229594 76
1680871696698 0.941152948069289 77
1680871699016 0.9451923430922434 78
1680871701383 0.9446544456499611 79
1680871703742 0.9360532066435399 80
1680871706045 0.9486526635219904 81
1680871708372 0.9458241665512596 82
1680871710747 0.939498836127456 83
1680871713101 0.9428041395624708 84
1680871715524 0.9512100365270514 85
1680871717839 0.9547194451312425 86
1680871720149 0.9506081011891774 87
1680871722462 0.9528148932542067 88
1680871724778 0.9487699046892799 89
1680871727111 0.9490789076289382 90
1680871729536 0.9550824301194645 91
1680871731969 0.9543943506183551 92
1680871734288 0.9435670700992982 93
1680871736610 0.9452183283583193 94
1680871738985 0.9477246016891042 95
1680871741303 0.9489975147215818 96
1680871743662 0.9512051888193501 97
1680871745973 0.9488664501721532 98
1680871748333 0.9427467358418671 99
1680871750704 0.9539895258850765 100
1680871753049 0.9591162147145242 101
1680871755355 0.9555693005914949 102
1680871757754 0.9496782009853626 103
1680871760057 0.95037267704302 104
1680871762355 0.9549533761716377 105
1680871764668 0.9623668955518196 106
1680871767120 0.9650809682949021 107
1680871769444 0.9552965014161634 108
1680871771817 0.9559549664631559 109
1680871774122 0.9551807403164245 110
1680871776427 0.9561982485558372 111
1680871778783 0.9508884526900233 112
1680871781107 0.9498028037246004 113
1680871783417 0.9487977516108512 114
1680871785804 0.9434971835009458 115
1680871788112 0.9525422234582699 116
1680871790473 0.9545614888556542 117
1680871792780 0.9534534189856435 118
1680871795149 0.9530796153892128 119
1680871797500 0.9539240022104684 120
1680871799853 0.9548443629026687 121
1680871802151 0.955000573764571 122
1680871804581 0.9552025202406839 123
1680871806874 0.9471320004515174 124
1680871809176 0.9562833432373612 125
1680871811536 0.9589585373920192 126
1680871813902 0.9507998675954835 127
