1679900183662 0.0032653061224489797 0
1679900434467 0.006573121279761905 1
1679900686750 0.00985515518707483 2
1679900939921 0.009883984375 3
1679901194504 0.009883984375 4
1679901438237 0.0098453125 5
1679901675329 0.009806640625 6
1679901907637 0.00976796875 7
1679902137260 0.009729296875 8
1679902368226 0.009690625000000001 9
1679902595690 0.009651953125 10
1679902820274 0.00961328125 11
1679903044213 0.009574609375000001 12
1679903267918 0.009535937500000001 13
1679903489016 0.009497265625 14
1679903710368 0.009458593749999999 15
1679903931417 0.009419921875 16
1679904151997 0.00938125 17
1679904371784 0.009342578124999999 18
1679904594443 0.00930390625 19
1679904815213 0.009265234375 20
1679905036142 0.0092265625 21
1679905256730 0.009187890625 22
1679905476085 0.00914921875 23
1679905695954 0.009110546875 24
1679905916719 0.009071875 25
1679906136766 0.009033203125 26
1679906356510 0.00899453125 27
1679906576101 0.008955859375 28
1679906797312 0.0089171875 29
1679907016153 0.008878515625 30
1679907235747 0.008839843750000001 31
1679907455906 0.008801171875 32
1679907675622 0.0087625 33
1679907895353 0.008723828125000001 34
1679908114327 0.008685156250000001 35
1679908333086 0.008646484375 36
1679908553442 0.008607812500000001 37
1679908772836 0.008569140625 38
1679908992370 0.00853046875 39
1679909211629 0.008491796874999999 40
1679909430504 0.008453125 41
1679909649753 0.008414453125 42
1679909869058 0.00837578125 43
1679910088510 0.008337109375 44
1679910308956 0.0082984375 45
1679910527682 0.008259765625 46
1679910746956 0.00822109375 47
1679910966009 0.008182421875 48
1679911184629 0.00814375 49
1679911403626 0.008105078125 50
1679911623348 0.00806640625 51
1679911842475 0.008027734375 52
1679912062345 0.007989062500000001 53
1679912281607 0.007950390625 54
1679912501855 0.00791171875 55
1679912720543 0.007873046875000001 56
1679912939969 0.007834375000000001 57
1679913159761 0.007795703125 58
1679913378483 0.007757031250000001 59
1679913598373 0.007718359375 60
1679913817133 0.0076796875 61
1679914037813 0.007641015625000001 62
1679914256676 0.007602343750000001 63
1679914475535 0.007563671875 64
1679914695376 0.007525 65
1679914914591 0.007486328125 66
1679915134144 0.00744765625 67
1679915352741 0.007408984374999999 68
1679915571554 0.0073703125 69
1679915791254 0.007331640625 70
1679916010766 0.00729296875 71
1679916229658 0.007254296875000001 72
1679916448935 0.007215625 73
1679916667460 0.007176953125 74
1679916887013 0.0071382812500000005 75
1679917106368 0.0070996093750000005 76
1679917325601 0.0070609374999999995 77
1679917545534 0.007022265625 78
1679917764254 0.00698359375 79
1679917983836 0.006944921875 80
1679918202912 0.006906250000000001 81
1679918421605 0.006867578125 82
1679918640814 0.00682890625 83
1679918860012 0.006790234375000001 84
1679919080002 0.006751562500000001 85
1679919300068 0.006712890625 86
1679919519954 0.0066742187500000005 87
1679919739247 0.006635546875 88
1679919958316 0.006596875 89
1679920177614 0.006558203125000001 90
1679920397561 0.00651953125 91
1679920616528 0.006480859375 92
1679920836164 0.0064421875 93
1679921056478 0.006403515625000001 94
1679921275971 0.00636484375 95
1679921495424 0.006326171875 96
1679921714902 0.0062875000000000006 97
1679921933815 0.0062488281250000005 98
1679922153938 0.0062101562499999995 99
1679922373547 0.006171484375 100
1679922593817 0.0061328125 101
1679922813031 0.006094140625 102
1679923033033 0.006055468750000001 103
1679923252485 0.006016796875 104
1679923472118 0.005978125 105
1679923691777 0.005939453125000001 106
1679923911315 0.005900781250000001 107
1679924130106 0.005862109375 108
1679924349577 0.0058234375000000005 109
1679924569048 0.005784765625 110
1679924789290 0.0057460937499999995 111
1679925009091 0.005707421875 112
1679925228254 0.00566875 113
1679925447780 0.005630078125 114
1679925668065 0.005591406250000001 115
1679925887318 0.005552734375 116
1679926106673 0.0055140625 117
1679926326111 0.005475390625 118
1679926547441 0.005436718750000001 119
1679926767065 0.005398046875 120
1679926986701 0.0053593749999999996 121
1679927206110 0.005320703125 122
1679927426522 0.00528203125 123
1679927647659 0.005243359374999999 124
1679927867524 0.0052046875 125
1679928086848 0.005166015625 126
1679928306488 0.00512734375 127
1679928525443 0.005088671874999999 128
1679928745512 0.00505 129
