1679941182471 0.07061224489795918 0
1679941433738 0.040586726721938776 1
1679941685122 0.01053542729591836 2
1679941938289 0.009883984375 3
1679942192807 0.009883984375 4
1679942435433 0.0098453125 5
1679942673517 0.009806640625 6
1679942905411 0.00976796875 7
1679943135390 0.009729296875 8
1679943366463 0.009690625000000001 9
1679943594107 0.009651953125 10
1679943817955 0.00961328125 11
1679944041379 0.009574609375000001 12
1679944263738 0.009535937500000001 13
1679944485330 0.009497265625 14
1679944706818 0.009458593749999999 15
1679944927527 0.009419921875 16
1679945147406 0.00938125 17
1679945368145 0.009342578124999999 18
1679945590541 0.00930390625 19
1679945810505 0.009265234375 20
1679946030371 0.0092265625 21
1679946249840 0.009187890625 22
1679946470103 0.00914921875 23
1679946689496 0.009110546875 24
1679946909597 0.009071875 25
1679947129203 0.009033203125 26
1679947349595 0.00899453125 27
1679947569500 0.008955859375 28
1679947788903 0.0089171875 29
1679948008522 0.008878515625 30
1679948227158 0.008839843750000001 31
1679948447293 0.008801171875 32
1679948666618 0.0087625 33
1679948885586 0.008723828125000001 34
1679949104253 0.008685156250000001 35
1679949323422 0.008646484375 36
1679949541960 0.008607812500000001 37
1679949761700 0.008569140625 38
1679949981833 0.00853046875 39
1679950200512 0.008491796874999999 40
1679950418647 0.008453125 41
1679950637101 0.008414453125 42
1679950857027 0.00837578125 43
1679951075894 0.008337109375 44
1679951294595 0.0082984375 45
1679951513703 0.008259765625 46
1679951733361 0.00822109375 47
1679951952010 0.008182421875 48
1679952170728 0.00814375 49
1679952389530 0.008105078125 50
1679952608591 0.00806640625 51
1679952827407 0.008027734375 52
1679953045884 0.007989062500000001 53
1679953265050 0.007950390625 54
1679953484494 0.00791171875 55
1679953703659 0.007873046875000001 56
1679953923011 0.007834375000000001 57
1679954141919 0.007795703125 58
1679954360330 0.007757031250000001 59
1679954579464 0.007718359375 60
1679954798358 0.0076796875 61
1679955017230 0.007641015625000001 62
1679955235944 0.007602343750000001 63
1679955455473 0.007563671875 64
1679955674752 0.007525 65
1679955893097 0.007486328125 66
1679956112112 0.00744765625 67
1679956330515 0.007408984374999999 68
1679956549745 0.0073703125 69
1679956767770 0.007331640625 70
1679956987067 0.00729296875 71
1679957206848 0.007254296875000001 72
1679957425131 0.007215625 73
1679957644075 0.007176953125 74
1679957862961 0.0071382812500000005 75
1679958081595 0.0070996093750000005 76
1679958299973 0.0070609374999999995 77
1679958518910 0.007022265625 78
1679958737813 0.00698359375 79
1679958957544 0.006944921875 80
1679959176169 0.006906250000000001 81
1679959394472 0.006867578125 82
1679959612683 0.00682890625 83
1679959831283 0.006790234375000001 84
1679960049953 0.006751562500000001 85
1679960268347 0.006712890625 86
1679960487115 0.0066742187500000005 87
1679960705510 0.006635546875 88
1679960924571 0.006596875 89
1679961143427 0.006558203125000001 90
1679961362389 0.00651953125 91
1679961581033 0.006480859375 92
1679961799501 0.0064421875 93
1679962018644 0.006403515625000001 94
1679962238016 0.00636484375 95
1679962456851 0.006326171875 96
1679962676810 0.0062875000000000006 97
1679962895836 0.0062488281250000005 98
1679963114336 0.0062101562499999995 99
1679963333907 0.006171484375 100
1679963553086 0.0061328125 101
1679963771285 0.006094140625 102
1679963990141 0.006055468750000001 103
1679964209129 0.006016796875 104
1679964428247 0.005978125 105
1679964646997 0.005939453125000001 106
1679964865436 0.005900781250000001 107
1679965084209 0.005862109375 108
1679965303177 0.0058234375000000005 109
1679965521500 0.005784765625 110
1679965740067 0.0057460937499999995 111
1679965959188 0.005707421875 112
1679966178387 0.00566875 113
1679966397120 0.005630078125 114
1679966615467 0.005591406250000001 115
1679966834457 0.005552734375 116
1679967052902 0.0055140625 117
1679967271972 0.005475390625 118
