1679740750627 0.0032653061224489797 0
1679741001533 0.006547603103741497 1
1679741251664 0.009778337585034014 2
1679741499079 0.00976796875 3
1679741750500 0.00976796875 4
1679741998300 0.009690625000000001 5
1679742251474 0.00961328125 6
1679742494921 0.009535937500000001 7
1679742722347 0.009458593749999999 8
1679742952520 0.00938125 9
1679743178261 0.00930390625 10
1679743412354 0.0092265625 11
1679743634578 0.00914921875 12
1679743856943 0.009071875 13
1679744077126 0.00899453125 14
1679744297840 0.0089171875 15
1679744518942 0.008839843750000001 16
1679744739794 0.0087625 17
1679744959327 0.008685156250000001 18
1679745179384 0.008607812500000001 19
1679745400358 0.00853046875 20
1679745620438 0.008453125 21
1679745840733 0.00837578125 22
1679746059857 0.0082984375 23
1679746279433 0.00822109375 24
1679746499509 0.00814375 25
1679746718890 0.00806640625 26
1679746938486 0.007989062500000001 27
1679747158563 0.00791171875 28
1679747378201 0.007834375000000001 29
1679747597911 0.007757031250000001 30
1679747817051 0.0076796875 31
1679748036290 0.007602343750000001 32
1679748256479 0.007525 33
1679748475890 0.00744765625 34
1679748695388 0.0073703125 35
1679748914408 0.00729296875 36
1679749132973 0.007215625 37
1679749352040 0.0071382812500000005 38
1679749571571 0.0070609374999999995 39
1679749789857 0.00698359375 40
1679750009728 0.006906250000000001 41
1679750228296 0.00682890625 42
1679750447753 0.006751562500000001 43
1679750667367 0.0066742187500000005 44
1679750886787 0.006596875 45
1679751106088 0.00651953125 46
1679751324570 0.0064421875 47
1679751543744 0.00636484375 48
1679751770895 0.0062875000000000006 49
1679751990112 0.0062101562499999995 50
1679752208789 0.0061328125 51
1679752427514 0.006055468750000001 52
1679752645761 0.005978125 53
1679752864232 0.005900781250000001 54
1679753083604 0.0058234375000000005 55
1679753302197 0.0057460937499999995 56
1679753520336 0.00566875 57
1679753739642 0.005591406250000001 58
1679753958506 0.0055140625 59
1679754177368 0.005436718750000001 60
1679754395678 0.0053593749999999996 61
1679754614496 0.00528203125 62
1679754833359 0.0052046875 63
1679755052588 0.00512734375 64
1679755271637 0.00505 65
1679755491102 0.00497265625 66
1679755710188 0.0048953125 67
1679755929651 0.00481796875 68
1679756148618 0.004740625 69
1679756369954 0.00466328125 70
1679756589575 0.004585937500000001 71
1679756809405 0.0045085937500000004 72
1679757028430 0.00443125 73
1679757248577 0.00435390625 74
1679757468597 0.0042765625 75
1679757688474 0.00419921875 76
1679757908822 0.004121875 77
1679758127523 0.00404453125 78
1679758346229 0.0039671875 79
1679758565977 0.00388984375 80
1679758785022 0.0038125 81
1679759005873 0.00373515625 82
1679759225099 0.0036578125 83
1679759445175 0.00358046875 84
1679759665298 0.003503125 85
1679759884391 0.00342578125 86
1679760104281 0.0033484375 87
1679760323712 0.0032710937499999997 88
1679760543430 0.0031937500000000004 89
1679760763963 0.0031164062500000003 90
1679760983863 0.0030390625 91
1679761203693 0.0029617187500000004 92
1679761423874 0.0028843750000000002 93
1679761643548 0.00280703125 94
1679761862899 0.0027296875 95
1679762083180 0.00265234375 96
1679762302904 0.002575 97
1679762522709 0.0024976562500000003 98
1679762743399 0.0024203125 99
1679762962685 0.00234296875 100
1679763181660 0.002265625 101
1679763402058 0.00218828125 102
1679763622356 0.0021109375 103
1679763842130 0.0020335937500000002 104
1679764061773 0.00195625 105
1679764281138 0.0018789062500000002 106
1679764501715 0.0018015625000000002 107
1679764721263 0.00172421875 108
1679764940490 0.0016468750000000001 109
1679765159428 0.00156953125 110
1679765379087 0.0014921875000000002 111
1679765598615 0.00141484375 112
1679765817456 0.0013375000000000001 113
1679766036806 0.00126015625 114
1679766257033 0.0011828124999999998 115
1679766476543 0.00110546875 116
1679766695557 0.001028125 117
1679766914967 0.00095078125 118
1679767134957 0.0008734375 119
1679767354809 0.0007960937499999999 120
1679767576101 0.00071875 121
1679767797028 0.0006414062499999999 122
1679768018826 0.0005640625 123
1679768240000 0.00048671875000000006 124
1679768462706 0.000409375 125
1679768684576 0.00033203125 126
1679768905676 0.0002546875 127
