1679476343437 0.00022309371024376327 0
1679477121105 0.0021351936030182517 3
1679477379377 0.0042383932039990945 4
1679477641088 0.005048014104158948 5
1679478159793 0.01222685046631887 7
1679478411688 0.02118812845971642 8
1679478658972 0.05516318037495932 9
1679478906273 0.0721190936516424 10
1679479170069 0.10323047525098138 11
1679479442823 0.10977154918387642 12
1679479698286 0.1442860396976512 13
1679479955894 0.23527514510718217 14
1679480220310 0.2839476546153468 15
1679480465198 0.293263717943437 16
1679480717269 0.29635317353347834 17
1679481205928 0.2995665961722232 19
1679481940850 0.32380300167876913 22
1679482194258 0.3284239809732023 23
1679482447664 0.3377357251391559 24
1679482706465 0.3363839927811754 25
1679482958430 0.34836715339558594 26
1679483211130 0.41902303443573324 27
1679483735509 0.43293637724977785 29
1679483990371 0.5077445750685894 30
1679484226217 0.5110040135932657 31
1679484495600 0.5422670644875317 32
1679485017844 0.5800951174698373 34
1679485817562 0.6072900753833345 37
1679487127003 0.6524326175047571 42
1679488156736 0.6547511796375055 46
1679488657974 0.6547596148719996 48
1679488894979 0.671960277175596 49
1679489391596 0.6779913599555818 51
1679489644608 0.6778272429016713 52
1679489893581 0.6919241701412093 53
1679490382033 0.6932741846607552 55
1679490872541 0.6966008926215815 57
1679491115841 0.7070282729964842 58
1679491586064 0.7086329623837132 60
1679491819377 0.7175159718094619 61
