1679476343437 0.0012182189883268052 0
1679477121105 0.7113784268989992 3
1679477379377 0.6928445115601433 4
1679477641088 0.7085311799212684 5
1679478159793 0.10183634880274058 7
1679478411688 0.12556783126980972 8
1679478658972 0.46598445157798124 9
1679478906273 0.5359913464076953 10
1679479170069 0.6095011810218439 11
1679479442823 0.2304412906578488 12
1679479698286 0.2811507654343269 13
1679479955894 0.4149645323109818 14
1679480220310 0.44366140470995413 15
1679480465198 0.46327087782061405 16
1679480717269 0.4179697151948835 17
1679481205928 0.4929868585926715 19
1679481940850 0.45808106679187577 22
1679482194258 0.4678271494725082 23
1679482447664 0.5494995687377943 24
1679482706465 0.537870960668827 25
1679482958430 0.5514826618608898 26
1679483211130 0.6133614932140594 27
1679483735509 0.6951807958257303 29
1679483990371 0.7920045732539392 30
1679484226217 0.8085378425196693 31
1679484495600 0.8636010869354482 32
1679485017844 0.8994478974300214 34
1679485817562 0.8999982877426559 37
1679487127003 0.9090885789191013 42
1679488156736 0.9160020082352741 46
1679488657974 0.9210817674311551 48
1679488894979 0.9091841217543029 49
1679489391596 0.9248868050897542 51
1679489644608 0.9152285931207348 52
1679489893581 0.9096110062301587 53
1679490382033 0.9098690499853541 55
1679490872541 0.9242259901304468 57
1679491115841 0.9272108483898259 58
1679491586064 0.9259825115476737 60
1679491819377 0.9232825182741043 61
