1679476343437 0.023730422401518746 0
1679477121105 0.016611295681063124 3
1679477379377 0.07198228128460686 4
1679477641088 0.0398671096345515 5
1679478159793 0.09455042332011572 7
1679478411688 0.14360623031237163 8
1679478658972 0.3170376924653444 9
1679478906273 0.2603718156429864 10
1679479170069 0.3852234066920091 11
1679479442823 0.6083590975775156 12
1679479698286 0.6902669696866482 13
1679479955894 0.6808995916446099 14
1679480220310 0.6972738832967545 15
1679480465198 0.7249758493044629 16
1679480717269 0.7193058320211628 17
1679481205928 0.7588830731092138 19
1679481940850 0.7888920404702428 22
1679482194258 0.8097584495163407 23
1679482447664 0.8040404420676929 24
1679482706465 0.7363092273668658 25
1679482958430 0.7643405933777235 26
1679483211130 0.7657307553207806 27
1679483735509 0.7709670139623741 29
1679483990371 0.7484216383838994 30
1679484226217 0.7903824647959655 31
1679484495600 0.7699462005357282 32
1679485017844 0.8305689759770853 34
1679485817562 0.83612071244435 37
1679487127003 0.8966006979178939 42
1679488156736 0.8969419725879849 46
1679488657974 0.9003286937892258 48
1679488894979 0.9136230687407103 49
1679489391596 0.9050088908505738 51
1679489644608 0.9277844853449508 52
1679489893581 0.9155598344821768 53
1679490382033 0.9174262555185462 55
1679490872541 0.9134013488062885 57
1679491115841 0.9218310492402546 58
1679491586064 0.9288235366525518 60
1679491819377 0.9393358269384319 61
