1679833789670 0.0032653061224489797 0
1679834043476 0.006573121279761905 1
1679834297837 0.00985515518707483 2
1679834555162 0.009883984375 3
1679834812955 0.009883984375 4
1679835058528 0.0098453125 5
1679835297583 0.009806640625 6
1679835532496 0.00976796875 7
1679835764830 0.009729296875 8
1679835998450 0.009690625000000001 9
1679836229021 0.009651953125 10
1679836456581 0.00961328125 11
1679836682630 0.009574609375000001 12
1679836907582 0.009535937500000001 13
1679837131648 0.009497265625 14
1679837355768 0.009458593749999999 15
1679837579655 0.009419921875 16
1679837802584 0.00938125 17
1679838025569 0.009342578124999999 18
1679838252188 0.00930390625 19
1679838474289 0.009265234375 20
1679838696501 0.0092265625 21
1679838919235 0.009187890625 22
1679839141574 0.00914921875 23
1679839364202 0.009110546875 24
1679839587345 0.009071875 25
1679839810059 0.009033203125 26
1679840033389 0.00899453125 27
1679840256402 0.008955859375 28
1679840479106 0.0089171875 29
1679840701138 0.008878515625 30
1679840922842 0.008839843750000001 31
1679841145869 0.008801171875 32
1679841368633 0.0087625 33
1679841590672 0.008723828125000001 34
1679841813952 0.008685156250000001 35
1679842035862 0.008646484375 36
1679842257566 0.008607812500000001 37
1679842479291 0.008569140625 38
1679842701024 0.00853046875 39
1679842922806 0.008491796874999999 40
1679843144668 0.008453125 41
1679843367380 0.008414453125 42
1679843589534 0.00837578125 43
1679843810529 0.008337109375 44
1679844032419 0.0082984375 45
1679844254025 0.008259765625 46
1679844476621 0.00822109375 47
1679844698456 0.008182421875 48
1679844920116 0.00814375 49
1679845141708 0.008105078125 50
1679845364303 0.00806640625 51
1679845585544 0.008027734375 52
1679845807027 0.007989062500000001 53
1679846029442 0.007950390625 54
1679846251349 0.00791171875 55
1679846473139 0.007873046875000001 56
1679846694738 0.007834375000000001 57
1679846916493 0.007795703125 58
1679847137671 0.007757031250000001 59
1679847359691 0.007718359375 60
1679847581868 0.0076796875 61
1679847803207 0.007641015625000001 62
1679848025128 0.007602343750000001 63
1679848246720 0.007563671875 64
1679848468566 0.007525 65
1679848690116 0.007486328125 66
1679848910892 0.00744765625 67
1679849133171 0.007408984374999999 68
1679849354562 0.0073703125 69
1679849576869 0.007331640625 70
1679849798667 0.00729296875 71
1679850019655 0.007254296875000001 72
1679850241079 0.007215625 73
1679850462351 0.007176953125 74
1679850684321 0.0071382812500000005 75
1679850907078 0.0070996093750000005 76
1679851129252 0.0070609374999999995 77
1679851350978 0.007022265625 78
1679851572466 0.00698359375 79
1679851793894 0.006944921875 80
1679852015581 0.006906250000000001 81
1679852236377 0.006867578125 82
1679852457817 0.00682890625 83
1679852680496 0.006790234375000001 84
1679852902375 0.006751562500000001 85
1679853124234 0.006712890625 86
1679853345900 0.0066742187500000005 87
1679853567727 0.006635546875 88
1679853788616 0.006596875 89
1679854010383 0.006558203125000001 90
1679854231284 0.00651953125 91
1679854453746 0.006480859375 92
1679854674954 0.0064421875 93
1679854897193 0.006403515625000001 94
1679855118901 0.00636484375 95
1679855339796 0.006326171875 96
1679855561269 0.0062875000000000006 97
1679855782279 0.0062488281250000005 98
1679856003882 0.0062101562499999995 99
1679856226595 0.006171484375 100
1679856448330 0.0061328125 101
1679856669968 0.006094140625 102
1679856891973 0.006055468750000001 103
1679857113683 0.006016796875 104
1679857335284 0.005978125 105
1679857556620 0.005939453125000001 106
1679857777715 0.005900781250000001 107
1679858000350 0.005862109375 108
1679858221983 0.0058234375000000005 109
1679858444021 0.005784765625 110
1679858665393 0.0057460937499999995 111
1679858887089 0.005707421875 112
1679859108406 0.00566875 113
1679859329871 0.005630078125 114
1679859551910 0.005591406250000001 115
1679859773732 0.005552734375 116
1679859994877 0.0055140625 117
1679860216764 0.005475390625 118
1679860438618 0.005436718750000001 119
1679860659772 0.005398046875 120
1679860881322 0.0053593749999999996 121
1679861103804 0.005320703125 122
1679861325121 0.00528203125 123
1679861547545 0.005243359374999999 124
1679861769382 0.0052046875 125
1679861991343 0.005166015625 126
1679862212569 0.00512734375 127
1679862434169 0.005088671874999999 128
