1679476343433 0.00022309371024376327 0
1679476599314 7.947524013523972e-05 1
1679476859444 0.0001331058251865197 2
1679477121101 0.0021351936030182517 3
1679477379374 0.0042383932039990945 4
1679477641082 0.005048014104158948 5
1679477904397 0.0024375309298933783 6
1679478159789 0.01222685046631887 7
1679478411684 0.02118812845971642 8
1679478658969 0.05516318037495932 9
1679478906270 0.0721190936516424 10
1679479170063 0.10323047525098138 11
1679479442819 0.10977154918387642 12
1679479698282 0.1442860396976512 13
1679479955890 0.23527514510718217 14
1679480220306 0.2839476546153468 15
1679480465193 0.293263717943437 16
1679480717264 0.29635317353347834 17
1679480964938 0.24630675435467855 18
1679481205924 0.2995665961722232 19
1679481444429 0.28346818382352906 20
1679481696040 0.23680336705675917 21
1679481940846 0.32380300167876913 22
1679482194252 0.3284239809732023 23
1679482447660 0.3377357251391559 24
1679482706461 0.3363839927811754 25
1679482958426 0.34836715339558594 26
1679483211117 0.41902303443573324 27
1679483468229 0.3852484998999068 28
1679483735504 0.43293637724977785 29
1679483990368 0.5077445750685894 30
1679484226214 0.5110040135932657 31
1679484495597 0.5422670644875317 32
1679484760790 0.5240255612006264 33
1679485017840 0.5800951174698373 34
1679485288995 0.5323067346083484 35
1679485549839 0.5537489697199053 36
1679485817558 0.6072900753833345 37
1679486082940 0.4714135050300395 38
1679486341012 0.5377221262162882 39
1679486603931 0.5341829221096709 40
1679486863713 0.594996444234701 41
1679487126999 0.6524326175047571 42
1679487387038 0.6120362818383785 43
1679487656802 0.6272652598169742 44
1679487909465 0.6237090791504275 45
1679488156732 0.6547511796375055 46
1679488411601 0.6537346489454304 47
1679488657970 0.6547596148719996 48
1679488894972 0.671960277175596 49
1679489135267 0.6505717461314963 50
1679489391592 0.6779913599555818 51
1679489644602 0.6778272429016713 52
1679489893577 0.6919241701412093 53
1679490138985 0.6866641845815492 54
1679490382030 0.6932741846607552 55
1679490627892 0.6922206091140395 56
1679490872533 0.6966008926215815 57
1679491115836 0.7070282729964842 58
1679491348053 0.7043512000864037 59
1679491586060 0.7086329623837132 60
1679491819372 0.7175159718094619 61
1679492047203 0.7164783279630805 62
1679492273984 0.7169278626069815 63
