1679476343433 0.0012182189883268052 0
1679476599314 0.0004444444444444444 1
1679476859444 0.0009128222094503697 2
1679477121101 0.7113784268989992 3
1679477379374 0.6928445115601433 4
1679477641082 0.7085311799212684 5
1679477904397 0.02544083695968304 6
1679478159789 0.10183634880274058 7
1679478411684 0.12556783126980972 8
1679478658969 0.46598445157798124 9
1679478906270 0.5359913464076953 10
1679479170063 0.6095011810218439 11
1679479442819 0.2304412906578488 12
1679479698282 0.2811507654343269 13
1679479955890 0.4149645323109818 14
1679480220306 0.44366140470995413 15
1679480465193 0.46327087782061405 16
1679480717264 0.4179697151948835 17
1679480964938 0.416100610981518 18
1679481205924 0.4929868585926715 19
1679481444429 0.46707770491776895 20
1679481696040 0.4751745124543494 21
1679481940846 0.45808106679187577 22
1679482194252 0.4678271494725082 23
1679482447660 0.5494995687377943 24
1679482706461 0.537870960668827 25
1679482958426 0.5514826618608898 26
1679483211117 0.6133614932140594 27
1679483468229 0.6417474530893109 28
1679483735504 0.6951807958257303 29
1679483990368 0.7920045732539392 30
1679484226214 0.8085378425196693 31
1679484495597 0.8636010869354482 32
1679484760790 0.86928741422262 33
1679485017840 0.8994478974300214 34
1679485288995 0.8827660146453983 35
1679485549839 0.8809906294823923 36
1679485817558 0.8999982877426559 37
1679486082940 0.8843060968836185 38
1679486341012 0.8958160818726427 39
1679486603931 0.8787214508816086 40
1679486863713 0.8782282439655308 41
1679487126999 0.9090885789191013 42
1679487387038 0.8824502929192061 43
1679487656802 0.8974168917332269 44
1679487909465 0.8990899248745722 45
1679488156732 0.9160020082352741 46
1679488411601 0.9190346653255128 47
1679488657970 0.9210817674311551 48
1679488894972 0.9091841217543029 49
1679489135267 0.9252259067038877 50
1679489391592 0.9248868050897542 51
1679489644602 0.9152285931207348 52
1679489893577 0.9096110062301587 53
1679490138985 0.9060786358975008 54
1679490382030 0.9098690499853541 55
1679490627892 0.9325941730541191 56
1679490872533 0.9242259901304468 57
1679491115836 0.9272108483898259 58
1679491348053 0.9238923949863408 59
1679491586060 0.9259825115476737 60
1679491819372 0.9232825182741043 61
1679492047203 0.9208975236416325 62
1679492273984 0.9167974100067159 63
