1679476343433 0.023730422401518746 0
1679476599314 0.017006802721088437 1
1679476859444 0.027872439298299967 2
1679477121101 0.016611295681063124 3
1679477379374 0.07198228128460686 4
1679477641082 0.0398671096345515 5
1679477904397 0.05038429475316008 6
1679478159789 0.09455042332011572 7
1679478411684 0.14360623031237163 8
1679478658969 0.3170376924653444 9
1679478906270 0.2603718156429864 10
1679479170063 0.3852234066920091 11
1679479442819 0.6083590975775156 12
1679479698282 0.6902669696866482 13
1679479955890 0.6808995916446099 14
1679480220306 0.6972738832967545 15
1679480465193 0.7249758493044629 16
1679480717264 0.7193058320211628 17
1679480964938 0.7231768926625414 18
1679481205924 0.7588830731092138 19
1679481444429 0.7761268848952892 20
1679481696040 0.7677990551059133 21
1679481940846 0.7888920404702428 22
1679482194252 0.8097584495163407 23
1679482447660 0.8040404420676929 24
1679482706461 0.7363092273668658 25
1679482958426 0.7643405933777235 26
1679483211117 0.7657307553207806 27
1679483468229 0.7729138391439255 28
1679483735504 0.7709670139623741 29
1679483990368 0.7484216383838994 30
1679484226214 0.7903824647959655 31
1679484495597 0.7699462005357282 32
1679484760790 0.8108911622696459 33
1679485017840 0.8305689759770853 34
1679485288995 0.8014427117979018 35
1679485549839 0.8276780047505851 36
1679485817558 0.83612071244435 37
1679486082940 0.8487341162938443 38
1679486341012 0.8460911746544078 39
1679486603931 0.8838165423708868 40
1679486863713 0.8811037916539798 41
1679487126999 0.8966006979178939 42
1679487387038 0.9015887995639774 43
1679487656802 0.9062730541046022 44
1679487909465 0.9214075061514745 45
1679488156732 0.8969419725879849 46
1679488411601 0.8975560115602282 47
1679488657970 0.9003286937892258 48
1679488894972 0.9136230687407103 49
1679489135267 0.9126645782093782 50
1679489391592 0.9050088908505738 51
1679489644602 0.9277844853449508 52
1679489893577 0.9155598344821768 53
1679490138985 0.9259340500699604 54
1679490382030 0.9174262555185462 55
1679490627892 0.907514645444996 56
1679490872533 0.9134013488062885 57
1679491115836 0.9218310492402546 58
1679491348053 0.9243240225350542 59
1679491586060 0.9288235366525518 60
1679491819372 0.9393358269384319 61
1679492047203 0.9351630481430001 62
1679492273984 0.9349042107899445 63
