1679740750627 0.110936239361763 0
1679741001533 0.10171867907047272 1
1679741251664 0.09550962597131729 2
1679741499079 0.09062393009662628 3
1679741750500 0.08803452551364899 4
1679741998300 0.08240317553281784 5
1679742251474 0.07940874993801117 6
1679742494921 0.07628199458122253 7
1679742722347 0.07566598802804947 8
1679742952520 0.07165936380624771 9
1679743178261 0.06977204233407974 10
1679743412354 0.06880658864974976 11
1679743634578 0.06659061461687088 12
1679743856943 0.06343275308609009 13
1679744077126 0.06384693831205368 14
1679744297840 0.06240476295351982 15
1679744518942 0.0625201165676117 16
1679744739794 0.060752879828214645 17
1679744959327 0.06018277630209923 18
1679745179384 0.05833509936928749 19
1679745400358 0.05713927373290062 20
1679745620438 0.056059230118989944 21
1679745840733 0.0549548976123333 22
1679746059857 0.054668765515089035 23
1679746279433 0.056515250355005264 24
1679746499509 0.05486413091421127 25
1679746718890 0.05313793942332268 26
1679746938486 0.05359181761741638 27
1679747158563 0.05176674574613571 28
1679747378201 0.0504397377371788 29
1679747597911 0.05035173147916794 30
1679747817051 0.050557296723127365 31
1679748036290 0.05033944547176361 32
1679748256479 0.0499439500272274 33
1679748475890 0.04879990965127945 34
1679748695388 0.048435017466545105 35
1679748914408 0.04763203114271164 36
1679749132973 0.04660646617412567 37
1679749352040 0.04646291583776474 38
1679749571571 0.04571795463562012 39
1679749789857 0.04672360047698021 40
1679750009728 0.04580998048186302 41
1679750228296 0.04587344825267792 42
1679750447753 0.04438947141170502 43
1679750667367 0.04297595098614693 44
1679750886787 0.043169163167476654 45
1679751106088 0.04241233319044113 46
1679751324570 0.04405471310019493 47
1679751543744 0.04255499690771103 48
1679751770895 0.04331301152706146 49
1679751990112 0.04332716763019562 50
1679752208789 0.04137444123625755 51
1679752427514 0.041602637618780136 52
1679752645761 0.039636630564928055 53
1679752864232 0.03953966870903969 54
1679753083604 0.0397694930434227 55
1679753302197 0.04042404145002365 56
1679753520336 0.04073821008205414 57
1679753739642 0.03916722536087036 58
1679753958506 0.03873336687684059 59
1679754177368 0.038205619901418686 60
1679754395678 0.037962011992931366 61
1679754614496 0.03829699009656906 62
1679754833359 0.03765922039747238 63
1679755052588 0.03812133148312569 64
1679755271637 0.037744179368019104 65
1679755491102 0.03785739094018936 66
1679755710188 0.036665670573711395 67
1679755929651 0.03629060089588165 68
1679756148618 0.03576658293604851 69
1679756369954 0.03691412881016731 70
1679756589575 0.03644942864775658 71
1679756809405 0.036370765417814255 72
1679757028430 0.03629250079393387 73
1679757248577 0.035764072090387344 74
1679757468597 0.036181021481752396 75
1679757688474 0.03512703999876976 76
1679757908822 0.03529274836182594 77
1679758127523 0.03394443541765213 78
1679758346229 0.03480786830186844 79
1679758565977 0.035048916935920715 80
1679758785022 0.03448915854096413 81
1679759005873 0.03559171035885811 82
1679759225099 0.03418415039777756 83
1679759445175 0.03313000127673149 84
1679759665298 0.03348110616207123 85
1679759884391 0.033101361244916916 86
1679760104281 0.03397870063781738 87
1679760323712 0.033143654465675354 88
1679760543430 0.03250017389655113 89
1679760763963 0.03353935480117798 90
1679760983863 0.03290414810180664 91
1679761203693 0.03268716111779213 92
1679761423874 0.0327012836933136 93
1679761643548 0.03212197870016098 94
1679761862899 0.03222554549574852 95
1679762083180 0.03209422901272774 96
1679762302904 0.03152357041835785 97
1679762522709 0.03215146064758301 98
1679762743399 0.03170451521873474 99
1679762962685 0.03212699666619301 100
1679763181660 0.030583089217543602 101
1679763402058 0.031185070052742958 102
1679763622356 0.02980002760887146 103
1679763842130 0.03064531460404396 104
1679764061773 0.031589895486831665 105
1679764281138 0.03023550473153591 106
1679764501715 0.03055643104016781 107
1679764721263 0.030113639310002327 108
1679764940490 0.030838990584015846 109
1679765159428 0.030463112518191338 110
1679765379087 0.02980317547917366 111
1679765598615 0.0305621437728405 112
1679765817456 0.029928959906101227 113
1679766036806 0.02964163012802601 114
1679766257033 0.029478365555405617 115
1679766476543 0.0293060764670372 116
1679766695557 0.02943364903330803 117
1679766914967 0.029576245695352554 118
1679767134957 0.029236603528261185 119
1679767354809 0.029080240055918694 120
1679767576101 0.029299555346369743 121
1679767797028 0.029633814468979836 122
1679768018826 0.029894746840000153 123
1679768240000 0.029362540692090988 124
1679768462706 0.02918541617691517 125
1679768684576 0.028686271980404854 126
1679768905676 0.029139386489987373 127
