1679740750627 0.04050273448228836 0
1679741001533 0.03688889369368553 1
1679741251664 0.0345318503677845 2
1679741499079 0.031786590814590454 3
1679741750500 0.027389494702219963 4
1679741998300 0.026402415707707405 5
1679742251474 0.024311084300279617 6
1679742494921 0.023345962166786194 7
1679742722347 0.022568289190530777 8
1679742952520 0.021559955552220345 9
1679743178261 0.02146184630692005 10
1679743412354 0.0212787464261055 11
1679743634578 0.02042502537369728 12
1679743856943 0.01919710822403431 13
1679744077126 0.018952004611492157 14
1679744297840 0.018757298588752747 15
1679744518942 0.018294915556907654 16
1679744739794 0.017560940235853195 17
1679744959327 0.017510170117020607 18
1679745179384 0.017319342121481895 19
1679745400358 0.01609220542013645 20
1679745620438 0.015451813116669655 21
1679745840733 0.014876238070428371 22
1679746059857 0.013712158426642418 23
1679746279433 0.012503630481660366 24
1679746499509 0.011894453316926956 25
1679746718890 0.010818429291248322 26
1679746938486 0.01022198237478733 27
1679747158563 0.009466981515288353 28
1679747378201 0.008735771290957928 29
1679747597911 0.008722948841750622 30
1679747817051 0.008306555449962616 31
1679748036290 0.008387369103729725 32
1679748256479 0.00805068202316761 33
1679748475890 0.008399964310228825 34
1679748695388 0.007462811656296253 35
1679748914408 0.0077523645013570786 36
1679749132973 0.007910524494946003 37
1679749352040 0.007634429726749659 38
1679749571571 0.007346890866756439 39
1679749789857 0.006819536443799734 40
1679750009728 0.006916347425431013 41
1679750228296 0.007540346588939428 42
1679750447753 0.00699132913723588 43
1679750667367 0.00678191427141428 44
1679750886787 0.006860972847789526 45
1679751106088 0.006797409616410732 46
1679751324570 0.00684004370123148 47
1679751543744 0.006821721326559782 48
1679751770895 0.006885212380439043 49
1679751990112 0.006286309100687504 50
1679752208789 0.00643873168155551 51
1679752427514 0.006115424446761608 52
1679752645761 0.005884356796741486 53
1679752864232 0.006130129098892212 54
1679753083604 0.006559130270034075 55
1679753302197 0.006201791577041149 56
1679753520336 0.006387500558048487 57
1679753739642 0.005822358187288046 58
1679753958506 0.005930075887590647 59
1679754177368 0.005838945973664522 60
1679754395678 0.005852703005075455 61
1679754614496 0.006076358258724213 62
1679754833359 0.005700885783880949 63
1679755052588 0.005682285409420729 64
1679755271637 0.005886264145374298 65
1679755491102 0.005564865190535784 66
1679755710188 0.005281648598611355 67
1679755929651 0.005713940132409334 68
1679756148618 0.005213231313973665 69
1679756369954 0.005433788523077965 70
1679756589575 0.005085249897092581 71
1679756809405 0.005522012710571289 72
1679757028430 0.005599603522568941 73
1679757248577 0.0054596466943621635 74
1679757468597 0.0054088071919977665 75
1679757688474 0.0054743667133152485 76
1679757908822 0.0048834714107215405 77
1679758127523 0.005143132526427507 78
1679758346229 0.005448588170111179 79
1679758565977 0.005736222490668297 80
1679758785022 0.004992652218788862 81
1679759005873 0.005844519939273596 82
1679759225099 0.005030876025557518 83
1679759445175 0.004760893527418375 84
1679759665298 0.005226650275290012 85
1679759884391 0.004726790357381105 86
1679760104281 0.005143272690474987 87
1679760323712 0.005352408159524202 88
1679760543430 0.004940291866660118 89
1679760763963 0.005367909092456102 90
1679760983863 0.005085504613816738 91
1679761203693 0.004637634381651878 92
1679761423874 0.0054777744226157665 93
1679761643548 0.0048229750245809555 94
1679761862899 0.005056224297732115 95
1679762083180 0.004742157645523548 96
1679762302904 0.0047312392853200436 97
1679762522709 0.005260208621621132 98
1679762743399 0.0051805502735078335 99
1679762962685 0.00522354431450367 100
1679763181660 0.004707593470811844 101
1679763402058 0.005061446223407984 102
1679763622356 0.004461687058210373 103
1679763842130 0.00461951456964016 104
1679764061773 0.0053182123228907585 105
1679764281138 0.004508958198130131 106
1679764501715 0.004466507118195295 107
1679764721263 0.0043734475038945675 108
1679764940490 0.004881445784121752 109
1679765159428 0.004907970316708088 110
1679765379087 0.004485880024731159 111
1679765598615 0.0047655245289206505 112
1679765817456 0.00458574341610074 113
1679766036806 0.00435855146497488 114
1679766257033 0.004125075880438089 115
1679766476543 0.0041712187230587006 116
1679766695557 0.004966028966009617 117
1679766914967 0.004739196505397558 118
1679767134957 0.004533824976533651 119
1679767354809 0.004226738587021828 120
1679767576101 0.00436642300337553 121
1679767797028 0.0046310508623719215 122
1679768018826 0.004195373505353928 123
1679768240000 0.004418465308845043 124
1679768462706 0.0044448887929320335 125
1679768684576 0.0041474089957773685 126
1679768905676 0.004574180115014315 127
