1679740750627 0.05580007657408714 0
1679741001533 0.06452959030866623 1
1679741251664 0.064215749502182 2
1679741499079 0.06854484230279922 3
1679741750500 0.06241988018155098 4
1679741998300 0.059468843042850494 5
1679742251474 0.05956171452999115 6
1679742494921 0.05434206500649452 7
1679742722347 0.054747458547353745 8
1679742952520 0.05636884272098541 9
1679743178261 0.04985296353697777 10
1679743412354 0.04968274384737015 11
1679743634578 0.04514795541763306 12
1679743856943 0.04834858700633049 13
1679744077126 0.04445879906415939 14
1679744297840 0.042779047042131424 15
1679744518942 0.04310758411884308 16
1679744739794 0.04043654352426529 17
1679744959327 0.0413176566362381 18
1679745179384 0.04087362438440323 19
1679745400358 0.04006977751851082 20
1679745620438 0.040185559540987015 21
1679745840733 0.042081836611032486 22
1679746059857 0.041271016001701355 23
1679746279433 0.04099886864423752 24
1679746499509 0.041530851274728775 25
1679746718890 0.037875182926654816 26
1679746938486 0.038835834711790085 27
1679747158563 0.0380447655916214 28
1679747378201 0.039310235530138016 29
1679747597911 0.0373973585665226 30
1679747817051 0.036931365728378296 31
1679748036290 0.038646433502435684 32
1679748256479 0.03609335049986839 33
1679748475890 0.03829813376069069 34
1679748695388 0.03874159976840019 35
1679748914408 0.0370781272649765 36
1679749132973 0.03575815632939339 37
1679749352040 0.03621623292565346 38
1679749571571 0.03484586626291275 39
1679749789857 0.03455919772386551 40
1679750009728 0.03438485041260719 41
1679750228296 0.03560178354382515 42
1679750447753 0.0320659801363945 43
1679750667367 0.03569796308875084 44
1679750886787 0.033380091190338135 45
1679751106088 0.034022629261016846 46
1679751324570 0.03522718697786331 47
1679751543744 0.03262675553560257 48
1679751770895 0.033599480986595154 49
1679751990112 0.0326756052672863 50
1679752208789 0.03157508000731468 51
1679752427514 0.031612981110811234 52
1679752645761 0.033730167895555496 53
1679752864232 0.03238848224282265 54
1679753083604 0.03090243600308895 55
1679753302197 0.03262351080775261 56
1679753520336 0.03245377168059349 57
1679753739642 0.03113221377134323 58
1679753958506 0.03151486814022064 59
1679754177368 0.03054533153772354 60
1679754395678 0.030578650534152985 61
1679754614496 0.03395087271928787 62
1679754833359 0.03169283643364906 63
1679755052588 0.031450189650058746 64
1679755271637 0.03136169910430908 65
1679755491102 0.03005773015320301 66
1679755710188 0.030252790078520775 67
1679755929651 0.030415844172239304 68
1679756148618 0.031990379095077515 69
1679756369954 0.031019123271107674 70
1679756589575 0.0284494087100029 71
1679756809405 0.02985006757080555 72
1679757028430 0.030405905097723007 73
1679757248577 0.03186427429318428 74
1679757468597 0.030654726549983025 75
1679757688474 0.032340068370103836 76
1679757908822 0.029193442314863205 77
1679758127523 0.028679078444838524 78
1679758346229 0.030718738213181496 79
1679758565977 0.03053729608654976 80
1679758785022 0.028755832463502884 81
1679759005873 0.02877022698521614 82
1679759225099 0.02888205274939537 83
1679759445175 0.02900337241590023 84
1679759665298 0.028080835938453674 85
1679759884391 0.029497671872377396 86
1679760104281 0.031721070408821106 87
1679760323712 0.02837677299976349 88
1679760543430 0.029075929895043373 89
1679760763963 0.028709562495350838 90
1679760983863 0.02874145470559597 91
1679761203693 0.0275412704795599 92
1679761423874 0.02796841599047184 93
1679761643548 0.028482312336564064 94
1679761862899 0.028423847630620003 95
1679762083180 0.029398692771792412 96
1679762302904 0.02767254412174225 97
1679762522709 0.029023058712482452 98
1679762743399 0.028589218854904175 99
1679762962685 0.027441933751106262 100
1679763181660 0.02863181196153164 101
1679763402058 0.027484145015478134 102
1679763622356 0.025322534143924713 103
1679763842130 0.028220444917678833 104
1679764061773 0.028634212911128998 105
1679764281138 0.027768047526478767 106
1679764501715 0.028019363060593605 107
1679764721263 0.02732250653207302 108
1679764940490 0.029144586995244026 109
1679765159428 0.02743586152791977 110
1679765379087 0.027599621564149857 111
1679765598615 0.028714381158351898 112
1679765817456 0.02617330476641655 113
1679766036806 0.02666115015745163 114
1679766257033 0.02648068033158779 115
1679766476543 0.02702256292104721 116
1679766695557 0.027985287830233574 117
1679766914967 0.027153579518198967 118
1679767134957 0.026491886004805565 119
1679767354809 0.0263453871011734 120
1679767576101 0.027476150542497635 121
1679767797028 0.028915463015437126 122
1679768018826 0.026598729193210602 123
1679768240000 0.028897725045681 124
1679768462706 0.02857607789337635 125
1679768684576 0.02636154368519783 126
1679768905676 0.02568022906780243 127
