1679657741368 0.00030190182748391373 0
1679657981266 0.00027380927974686025 1
1679658221345 0.00013299905428432946 2
1679658458072 9.518820236323344e-05 3
1679658694817 9.554950898023924e-05 4
1679658933319 0.00012314631715752746 5
1679659172319 0.0022765569897516854 6
1679659411804 0.026800757221537536 7
1679659648689 0.012979405315214104 8
1679659882437 0.029315326159266356 9
1679660120613 0.03294612775090425 10
1679660345218 0.08118930977248213 11
1679660568103 0.111050977656227 12
1679660789595 0.16380376431634083 13
1679661011072 0.20224468903983958 14
1679661231492 0.2456583176351881 15
1679661451225 0.264217258218248 16
1679661670865 0.28592851186601204 17
1679661889961 0.19519050919756833 18
1679662107460 0.3265193265108173 19
1679662325710 0.3685704065083189 20
1679662543772 0.3588509311248775 21
1679662780484 0.38207741986857036 22
1679663025060 0.3397185811382209 23
1679663258333 0.22177029850666863 24
1679663477928 0.45330621644003094 25
1679663695549 0.4750327877837563 26
1679663912681 0.4564036251761601 27
1679664129322 0.4537884167645084 28
1679664347408 0.47145293705886315 29
1679664572737 0.547671883946799 30
1679664789810 0.5250131891441426 31
1679665014619 0.5075993582340669 32
1679665231927 0.574724921130592 33
1679665448461 0.45858448501901533 34
1679665664765 0.545443822409945 35
1679665881597 0.5274752843990524 36
1679666098061 0.6176777033050883 37
1679666315144 0.5249701564071453 38
1679666531395 0.49954152997529383 39
1679666747778 0.4647618588733223 40
1679666986315 0.12864619433927985 41
1679667203422 0.6056457925637329 42
1679667422059 0.5110272555080354 43
1679667643070 0.5050395555783063 44
1679667859374 0.661550856287874 45
1679668075884 0.5661695861199294 46
1679668292108 0.6605050716931945 47
1679668512001 0.38686155134482586 48
1679668728649 0.6037319773732778 49
1679668945803 0.546418827897274 50
1679669163951 0.6423656809949476 51
1679669379961 0.5923671903518535 52
1679669596620 0.6624939999685874 53
1679669812931 0.6765786436585565 54
1679670030906 0.6901804403838389 55
1679670247111 0.658039384345447 56
1679670463150 0.6799190935358824 57
1679670680053 0.6757965384092314 58
1679670898413 0.6764574753798366 59
1679671115384 0.6741349754568228 60
1679671332882 0.6716861366140899 61
1679671549725 0.628423673548335 62
1679671765815 0.7163696973602525 63
1679671986036 0.6787522446783569 64
1679672203477 0.6579707987181247 65
1679672420562 0.6560618075533755 66
1679672641178 0.7360705506765167 67
1679672858471 0.7145181516372378 68
1679673092432 0.7035801171808257 69
1679673310994 0.6961597636770938 70
1679673530725 0.713069527265129 71
1679673748505 0.7229134380708451 72
1679673965786 0.7161857807643427 73
1679674183721 0.6800555016953104 74
1679674401899 0.726625148192003 75
1679674635867 0.7077542726284829 76
1679674878168 0.7424454149208343 77
1679675096516 0.7249496508848932 78
1679675313058 0.7348338322669266 79
1679675529065 0.6958299793685536 80
1679675748816 0.7317260225881322 81
1679675965081 0.7271348902555822 82
1679676182800 0.736733907169683 83
1679676398743 0.747326147050119 84
1679676614871 0.7333516814035265 85
1679676830915 0.7144095518718053 86
1679677046883 0.7304802836713523 87
1679677262974 0.7206606847784932 88
1679677479086 0.729307649647205 89
1679677694994 0.7347096737372664 90
1679677912072 0.7487054780493211 91
1679678128748 0.754261395726532 92
1679678344908 0.735230069036083 93
1679678560726 0.7532657751490387 94
1679678776834 0.7554383778808038 95
1679678993165 0.7396753885616884 96
1679679209015 0.7563144443232899 97
1679679425141 0.7515367154267407 98
1679679641567 0.7499179069825593 99
1679679857475 0.7476146274574793 100
1679680073386 0.7592163962600266 101
1679680289557 0.7359133367626596 102
1679680505512 0.7782005807942373 103
1679680721753 0.7654275961673318 104
1679680937803 0.7505878504465469 105
1679681153940 0.7742298493978597 106
1679681369823 0.7660096975155913 107
1679681586368 0.7611679595039108 108
1679681802238 0.7620681995736273 109
1679682018083 0.7813262568957811 110
1679682234333 0.7737908100225335 111
1679682450608 0.7730607266993005 112
1679682666580 0.7791856787668378 113
1679682882457 0.7783190429388767 114
1679683098443 0.7734147199716125 115
1679683315382 0.7751952485265196 116
1679683531268 0.7844531506559952 117
1679683747228 0.7835184956699055 118
1679683963052 0.7773769602989457 119
1679684178816 0.784144538479151 120
1679684394632 0.7891554653807383 121
1679684610786 0.7908556797991187 122
1679684826887 0.78751789988703 123
1679685043666 0.7913716251368865 124
1679685259660 0.7931297259312228 125
1679685475647 0.7871089879825423 126
1679685691409 0.7900195655943355 127
