1679657741368 0.0011661680335466737 0
1679657981266 0.0012187331072779988 1
1679658221345 0.0006369731800766283 2
1679658458072 0.0004830917874396135 3
1679658694817 0.0004830917874396135 4
1679658933319 0.0004799301919720768 5
1679659172319 0.006622982693118079 6
1679659411804 0.010091436773094688 7
1679659648689 0.044241292674082444 8
1679659882437 0.46055860643275087 9
1679660120613 0.4612080993339775 10
1679660345218 0.16191378851772448 11
1679660568103 0.21821161104585018 12
1679660789595 0.2593616103658646 13
1679661011072 0.2503516308503975 14
1679661231492 0.3440375434390721 15
1679661451225 0.39072462082630555 16
1679661670865 0.4230294382598259 17
1679661889961 0.31534511480894206 18
1679662107460 0.5504487583539098 19
1679662325710 0.5421921277812006 20
1679662543772 0.4744400313499731 21
1679662780484 0.558030538468695 22
1679663025060 0.6212998151088536 23
1679663258333 0.6578019648632663 24
1679663477928 0.7797358490471216 25
1679663695549 0.8462817512356301 26
1679663912681 0.844382395288108 27
1679664129322 0.8001760682148271 28
1679664347408 0.8265008282481806 29
1679664572737 0.8895434753418837 30
1679664789810 0.8714927165999954 31
1679665014619 0.8660617044883772 32
1679665231927 0.9109428483944632 33
1679665448461 0.8467294179484366 34
1679665664765 0.8941020813664285 35
1679665881597 0.9115278321331358 36
1679666098061 0.9371139209615849 37
1679666315144 0.9079344576983354 38
1679666531395 0.8936425156656113 39
1679666747778 0.7218658868477662 40
1679666986315 0.33401756550835876 41
1679667203422 0.914201759536828 42
1679667422059 0.8476841081301133 43
1679667643070 0.9262446835275937 44
1679667859374 0.9434484112628353 45
1679668075884 0.9301854502894304 46
1679668292108 0.9261799009453574 47
1679668512001 0.746846225518178 48
1679668728649 0.9405227079123013 49
1679668945803 0.9194893731663707 50
1679669163951 0.9247679493994564 51
1679669379961 0.9256910308388052 52
1679669596620 0.9154565062226209 53
1679669812931 0.9296458646619722 54
1679670030906 0.9322494913657109 55
1679670247111 0.9409263039777507 56
1679670463150 0.9388128939583148 57
1679670680053 0.9406418556700912 58
1679670898413 0.9517353881844949 59
1679671115384 0.9470259379616555 60
1679671332882 0.9485766120041909 61
1679671549725 0.9330000239369641 62
1679671765815 0.9485034922624513 63
1679671986036 0.9599742220382694 64
1679672203477 0.9418066245191081 65
1679672420562 0.9477578598939441 66
1679672641178 0.9619250992347824 67
1679672858471 0.9566790658750244 68
1679673092432 0.9498444943358285 69
1679673310994 0.9500854484176783 70
1679673530725 0.964754060890611 71
1679673748505 0.9646932572951696 72
1679673965786 0.9521824324384168 73
1679674183721 0.9428442015161331 74
1679674401899 0.9424215840015396 75
1679674635867 0.9508340173425963 76
1679674878168 0.9425330921766585 77
1679675096516 0.9533382309220891 78
1679675313058 0.9527462730280537 79
1679675529065 0.9563296850063597 80
1679675748816 0.9558934186158178 81
1679675965081 0.9507846789651495 82
1679676182800 0.9493647498029802 83
1679676398743 0.9520124938637023 84
1679676614871 0.9578609646640572 85
1679676830915 0.9532304024606693 86
1679677046883 0.9529973707053037 87
1679677262974 0.9581010636283254 88
1679677479086 0.954427023976416 89
1679677694994 0.9619401008537479 90
1679677912072 0.9550362385966688 91
1679678128748 0.9646893556595854 92
1679678344908 0.9534172490985197 93
1679678560726 0.9577116861105818 94
1679678776834 0.960788879708304 95
1679678993165 0.9647042552403059 96
1679679209015 0.9600832857557474 97
1679679425141 0.9623437181068807 98
1679679641567 0.9552124363821554 99
1679679857475 0.9543815798625187 100
1679680073386 0.9489566811275493 101
1679680289557 0.9506640460168788 102
1679680505512 0.9547031359264633 103
1679680721753 0.9575218901653897 104
1679680937803 0.9519435142140725 105
1679681153940 0.9504111536046883 106
1679681369823 0.953043682880362 107
1679681586368 0.9622120993972664 108
1679681802238 0.9590692339296032 109
1679682018083 0.9555803375619024 110
1679682234333 0.9568283377493431 111
1679682450608 0.9550722817236245 112
1679682666580 0.9541394404082024 113
1679682882457 0.9634846900047666 114
1679683098443 0.9611586624211492 115
1679683315382 0.9523372691190922 116
1679683531268 0.9533967582650291 117
1679683747228 0.9574032735907528 118
1679683963052 0.9530780057277154 119
1679684178816 0.9528221415628497 120
1679684394632 0.9606320669677304 121
1679684610786 0.9576853467957918 122
1679684826887 0.957927435239546 123
1679685043666 0.9568728157673426 124
1679685259660 0.9587877792002262 125
1679685475647 0.9616552593188715 126
1679685691409 0.9609822264373226 127
