1679657741368 0.028753361809840217 0
1679657981266 0.03964958076253757 1
1679658221345 0.07364341085271318 2
1679658458072 0.10752688172043011 3
1679658694817 0.10752688172043011 4
1679658933319 0.10436432637571158 5
1679659172319 0.10750688122210623 6
1679659411804 0.6582616542490966 7
1679659648689 0.12092740321935225 8
1679659882437 0.15326940978942213 9
1679660120613 0.2567133379983651 10
1679660345218 0.5787371587794907 11
1679660568103 0.6335693052305288 12
1679660789595 0.7219654928738187 13
1679661011072 0.7450664203918073 14
1679661231492 0.7776295064162199 15
1679661451225 0.7350818568582561 16
1679661670865 0.7537581329334757 17
1679661889961 0.7634652510666683 18
1679662107460 0.7734320410570173 19
1679662325710 0.7677688301573644 20
1679662543772 0.7446557347428162 21
1679662780484 0.7532011573173151 22
1679663025060 0.6994009156550843 23
1679663258333 0.6955935671092744 24
1679663477928 0.7381629912960191 25
1679663695549 0.7467126033441639 26
1679663912681 0.7298269364599724 27
1679664129322 0.7943088338110939 28
1679664347408 0.7734365021331854 29
1679664572737 0.8383418055105452 30
1679664789810 0.8707912997192961 31
1679665014619 0.7768983183229952 32
1679665231927 0.8569868685958646 33
1679665448461 0.8185685157087351 34
1679665664765 0.8825305441006109 35
1679665881597 0.8602281497745384 36
1679666098061 0.8884922532481593 37
1679666315144 0.8700694067818014 38
1679666531395 0.8495340164184336 39
1679666747778 0.738205668788439 40
1679666986315 0.33615186509712663 41
1679667203422 0.8745653336475087 42
1679667422059 0.7752705227977197 43
1679667643070 0.8857549750079038 44
1679667859374 0.9152283825536954 45
1679668075884 0.896828875099892 46
1679668292108 0.9234328655714715 47
1679668512001 0.6448268694777478 48
1679668728649 0.905730686352561 49
1679668945803 0.9226929633132442 50
1679669163951 0.9068960653571748 51
1679669379961 0.9179587928121645 52
1679669596620 0.9311501345442997 53
1679669812931 0.9320195901712941 54
1679670030906 0.9352565459280361 55
1679670247111 0.9275697740218236 56
1679670463150 0.9344990650993518 57
1679670680053 0.9268023429737319 58
1679670898413 0.9248839445755798 59
1679671115384 0.9307316030333621 60
1679671332882 0.9210076753882349 61
1679671549725 0.9320536270882016 62
1679671765815 0.934561425691712 63
1679671986036 0.9149346823480612 64
1679672203477 0.9256113911920855 65
1679672420562 0.9304231445016117 66
1679672641178 0.9315237799605741 67
1679672858471 0.9277951603729448 68
1679673092432 0.9390356134014279 69
1679673310994 0.9382251767622783 70
1679673530725 0.9301850556370281 71
1679673748505 0.9362164102647119 72
1679673965786 0.939548995667356 73
1679674183721 0.9480780908269661 74
1679674401899 0.9497412166023315 75
1679674635867 0.9368208688291885 76
1679674878168 0.9472252892154612 77
1679675096516 0.9410993306595214 78
1679675313058 0.94294274249109 79
1679675529065 0.9422655153981278 80
1679675748816 0.9454071576117319 81
1679675965081 0.9460162696623934 82
1679676182800 0.9395044385509707 83
1679676398743 0.9528126598373329 84
1679676614871 0.9447162210720746 85
1679676830915 0.9516878341944306 86
1679677046883 0.9464351757207009 87
1679677262974 0.947107129115631 88
1679677479086 0.9471096390544215 89
1679677694994 0.9490402366797679 90
1679677912072 0.9528565543568076 91
1679678128748 0.9502846841725296 92
1679678344908 0.9571760729158124 93
1679678560726 0.9494396982037475 94
1679678776834 0.9559680476874742 95
1679678993165 0.946640547493805 96
1679679209015 0.9430884364540901 97
1679679425141 0.9476486544832152 98
1679679641567 0.9535334103367042 99
1679679857475 0.9516464414949187 100
1679680073386 0.961611017220059 101
1679680289557 0.9626601872119523 102
1679680505512 0.9607120792803242 103
1679680721753 0.9610513072730646 104
1679680937803 0.9626675772136699 105
1679681153940 0.9661380921117222 106
1679681369823 0.9641469173362881 107
1679681586368 0.9521861097247518 108
1679681802238 0.9577238734069143 109
1679682018083 0.9637573692426944 110
1679682234333 0.9638746346250429 111
1679682450608 0.9660897742442813 112
1679682666580 0.9603915514485073 113
1679682882457 0.9476031222691628 114
1679683098443 0.9553140085741724 115
1679683315382 0.9658832872187365 116
1679683531268 0.9607222646199159 117
1679683747228 0.9649062898094494 118
1679683963052 0.962324384140281 119
1679684178816 0.9608418050610404 120
1679684394632 0.9526053857401925 121
1679684610786 0.9566369735951518 122
1679684826887 0.9571561951195416 123
1679685043666 0.9596860888929747 124
1679685259660 0.9626803056824226 125
1679685475647 0.961705971428798 126
1679685691409 0.9649087582458934 127
