1679476343433 0.11181188374757767 0
1679476599314 0.10240469127893448 1
1679476859444 0.09740127623081207 2
1679477121101 0.09294527024030685 3
1679477379374 0.08871080726385117 4
1679477641082 0.08587697148323059 5
1679477904397 0.08227822184562683 6
1679478159789 0.0796564370393753 7
1679478411684 0.07508565485477448 8
1679478658969 0.07236453145742416 9
1679478906270 0.07040087878704071 10
1679479170063 0.06984381377696991 11
1679479442819 0.06640482693910599 12
1679479698282 0.06545897573232651 13
1679479955890 0.06410596519708633 14
1679480220306 0.06315986812114716 15
1679480465193 0.06198471412062645 16
1679480717264 0.0595366433262825 17
1679480964938 0.056507933884859085 18
1679481205924 0.05823024734854698 19
1679481444429 0.057415980845689774 20
1679481696040 0.05605174973607063 21
1679481940846 0.05380874127149582 22
1679482194252 0.05282237008213997 23
1679482447660 0.05246611684560776 24
1679482706461 0.05215127393603325 25
1679482958426 0.051925960928201675 26
1679483211117 0.050602987408638 27
1679483468229 0.04991868883371353 28
1679483735504 0.05055456981062889 29
1679483990368 0.04741716757416725 30
1679484226214 0.04782918095588684 31
1679484495597 0.049155399203300476 32
1679484760790 0.04728923738002777 33
1679485017840 0.045154258608818054 34
1679485288995 0.04669493809342384 35
1679485549839 0.04579919949173927 36
1679485817558 0.04516344144940376 37
1679486082940 0.04604055732488632 38
1679486341012 0.04587559774518013 39
1679486603931 0.04508735239505768 40
1679486863713 0.04316798225045204 41
1679487126999 0.04386947304010391 42
1679487387038 0.043627262115478516 43
1679487656802 0.04346708953380585 44
1679487909465 0.04219293221831322 45
1679488156732 0.04213559627532959 46
1679488411601 0.04184431955218315 47
1679488657970 0.0414281003177166 48
1679488894972 0.04088003933429718 49
1679489135267 0.04022118076682091 50
1679489391592 0.04130423069000244 51
1679489644602 0.03984988108277321 52
1679489893577 0.03890552371740341 53
1679490138985 0.039637550711631775 54
1679490382030 0.03839610889554024 55
1679490627892 0.03881651163101196 56
1679490872533 0.03835641220211983 57
1679491115836 0.037817396223545074 58
1679491348053 0.03743857517838478 59
1679491586060 0.03764747083187103 60
1679491819372 0.03816226124763489 61
1679492047203 0.03741411864757538 62
1679492273984 0.03668982908129692 63
