1679476343433 0.04072177782654762 0
1679476599314 0.03750427067279816 1
1679476859444 0.036058057099580765 2
1679477121101 0.03500746190547943 3
1679477379374 0.03167333826422691 4
1679477641082 0.027609510347247124 5
1679477904397 0.026044553145766258 6
1679478159789 0.024058571085333824 7
1679478411684 0.0224904865026474 8
1679478658969 0.02129356376826763 9
1679478906270 0.02019185945391655 10
1679479170063 0.020052634179592133 11
1679479442819 0.020639097318053246 12
1679479698282 0.01984134502708912 13
1679479955890 0.02027963474392891 14
1679480220306 0.020019853487610817 15
1679480465193 0.019234493374824524 16
1679480717264 0.019321592524647713 17
1679480964938 0.01943332888185978 18
1679481205924 0.019758930429816246 19
1679481444429 0.019025294110178947 20
1679481696040 0.019650163128972054 21
1679481940846 0.01855415478348732 22
1679482194252 0.018635466694831848 23
1679482447660 0.019088275730609894 24
1679482706461 0.018417393788695335 25
1679482958426 0.018050460144877434 26
1679483211117 0.018095193430781364 27
1679483468229 0.0172574520111084 28
1679483735504 0.01747683435678482 29
1679483990368 0.01642734929919243 30
1679484226214 0.016472624614834785 31
1679484495597 0.01550324633717537 32
1679484760790 0.014643702656030655 33
1679485017840 0.013443123549222946 34
1679485288995 0.013198462314903736 35
1679485549839 0.011969625018537045 36
1679485817558 0.011056694202125072 37
1679486082940 0.010529885068535805 38
1679486341012 0.009707991033792496 39
1679486603931 0.008546201512217522 40
1679486863713 0.009008998051285744 41
1679487126999 0.0087603023275733 42
1679487387038 0.007976654917001724 43
1679487656802 0.007701343856751919 44
1679487909465 0.00738972844555974 45
1679488156732 0.007751524914056063 46
1679488411601 0.0070310793817043304 47
1679488657970 0.006998924072831869 48
1679488894972 0.006805224344134331 49
1679489135267 0.006306071765720844 50
1679489391592 0.007056577131152153 51
1679489644602 0.006459531374275684 52
1679489893577 0.0061620320193469524 53
1679490138985 0.006572084501385689 54
1679490382030 0.006361326668411493 55
1679490627892 0.006902564782649279 56
1679490872533 0.006398933473974466 57
1679491115836 0.006143779028207064 58
1679491348053 0.006413672585040331 59
1679491586060 0.006255596410483122 60
1679491819372 0.006427779793739319 61
1679492047203 0.00617431104183197 62
1679492273984 0.005742547567933798 63
