1679476343433 0.055826544761657715 0
1679476599314 0.061734966933727264 1
1679476859444 0.06655553728342056 2
1679477121101 0.0673028826713562 3
1679477379374 0.06581387668848038 4
1679477641082 0.06289154291152954 5
1679477904397 0.060877423733472824 6
1679478159789 0.059104397892951965 7
1679478411684 0.05311892181634903 8
1679478658969 0.05294431746006012 9
1679478906270 0.0497947558760643 10
1679479170063 0.04647582024335861 11
1679479442819 0.04646240174770355 12
1679479698282 0.04462001472711563 13
1679479955890 0.042237553745508194 14
1679480220306 0.04088452458381653 15
1679480465193 0.04504089802503586 16
1679480717264 0.04346459358930588 17
1679480964938 0.04426198452711105 18
1679481205924 0.043275609612464905 19
1679481444429 0.040618930011987686 20
1679481696040 0.04049457982182503 21
1679481940846 0.04121077060699463 22
1679482194252 0.040064748376607895 23
1679482447660 0.04179631173610687 24
1679482706461 0.03868091478943825 25
1679482958426 0.042301684617996216 26
1679483211117 0.04011206701397896 27
1679483468229 0.0384107381105423 28
1679483735504 0.036403875797986984 29
1679483990368 0.03675189986824989 30
1679484226214 0.037742532789707184 31
1679484495597 0.03417116776108742 32
1679484760790 0.03824754059314728 33
1679485017840 0.035822149366140366 34
1679485288995 0.03694450482726097 35
1679485549839 0.036200765520334244 36
1679485817558 0.03667886182665825 37
1679486082940 0.03672270476818085 38
1679486341012 0.03687046840786934 39
1679486603931 0.036768633872270584 40
1679486863713 0.034767601639032364 41
1679487126999 0.03487997129559517 42
1679487387038 0.035526666790246964 43
1679487656802 0.034075792878866196 44
1679487909465 0.033961374312639236 45
1679488156732 0.036677323281764984 46
1679488411601 0.034229863435029984 47
1679488657970 0.03435703366994858 48
1679488894972 0.03315774351358414 49
1679489135267 0.031381476670503616 50
1679489391592 0.03238203376531601 51
1679489644602 0.03513309732079506 52
1679489893577 0.03173547983169556 53
1679490138985 0.032846834510564804 54
1679490382030 0.03330264240503311 55
1679490627892 0.034306932240724564 56
1679490872533 0.03297450393438339 57
1679491115836 0.03300141170620918 58
1679491348053 0.032368000596761703 59
1679491586060 0.03312266245484352 60
1679491819372 0.02987024374306202 61
1679492047203 0.03127939999103546 62
1679492273984 0.03189530223608017 63
