1680871484928 0.0024000000000000002 0
1680871488785 0.0048621015625 1
1680871492077 0.00728553125 2
1680871495351 0.0096702890625 3
1680871499319 0.009690625000000001 4
1680871507016 0.009690625000000001 5
1680871516679 0.00961328125 6
1680871529092 0.009535937500000001 7
1680871532435 0.009458593749999999 8
1680871535256 0.00938125 9
1680871537994 0.00930390625 10
1680871540541 0.0092265625 11
1680871543198 0.00914921875 12
1680871545741 0.009071875 13
1680871548174 0.00899453125 14
1680871550675 0.0089171875 15
1680871553079 0.008839843750000001 16
1680871555466 0.0087625 17
1680871557897 0.008685156250000001 18
1680871560269 0.008607812500000001 19
1680871562688 0.00853046875 20
1680871565033 0.008453125 21
1680871567378 0.00837578125 22
1680871569796 0.0082984375 23
1680871572168 0.00822109375 24
1680871574509 0.00814375 25
1680871576841 0.00806640625 26
1680871579229 0.007989062500000001 27
1680871581628 0.00791171875 28
1680871584020 0.007834375000000001 29
1680871586345 0.007757031250000001 30
1680871588748 0.0076796875 31
1680871591075 0.007602343750000001 32
1680871593485 0.007525 33
1680871595834 0.00744765625 34
1680871598215 0.0073703125 35
1680871600530 0.00729296875 36
1680871602841 0.007215625 37
1680871605201 0.0071382812500000005 38
1680871607590 0.0070609374999999995 39
1680871609903 0.00698359375 40
1680871612225 0.006906250000000001 41
1680871614541 0.00682890625 42
1680871616920 0.006751562500000001 43
1680871619278 0.0066742187500000005 44
1680871621650 0.006596875 45
1680871624106 0.00651953125 46
1680871626436 0.0064421875 47
1680871628766 0.00636484375 48
1680871631090 0.0062875000000000006 49
1680871633457 0.0062101562499999995 50
1680871635767 0.0061328125 51
1680871638087 0.006055468750000001 52
1680871640395 0.005978125 53
1680871642805 0.005900781250000001 54
1680871645130 0.0058234375000000005 55
1680871647494 0.0057460937499999995 56
1680871649810 0.00566875 57
1680871652113 0.005591406250000001 58
1680871654516 0.0055140625 59
1680871656903 0.005436718750000001 60
1680871659211 0.0053593749999999996 61
1680871661670 0.00528203125 62
1680871664033 0.0052046875 63
1680871666344 0.00512734375 64
1680871668696 0.00505 65
1680871671018 0.00497265625 66
1680871673415 0.0048953125 67
1680871675738 0.00481796875 68
1680871678139 0.004740625 69
1680871680448 0.00466328125 70
1680871682773 0.004585937500000001 71
1680871685099 0.0045085937500000004 72
1680871687413 0.00443125 73
1680871689731 0.00435390625 74
1680871692039 0.0042765625 75
1680871694331 0.00419921875 76
1680871696698 0.004121875 77
1680871699016 0.00404453125 78
1680871701383 0.0039671875 79
1680871703742 0.00388984375 80
1680871706045 0.0038125 81
1680871708372 0.00373515625 82
1680871710747 0.0036578125 83
1680871713101 0.00358046875 84
1680871715524 0.003503125 85
1680871717839 0.00342578125 86
1680871720149 0.0033484375 87
1680871722462 0.0032710937499999997 88
1680871724778 0.0031937500000000004 89
1680871727111 0.0031164062500000003 90
1680871729536 0.0030390625 91
1680871731969 0.0029617187500000004 92
1680871734288 0.0028843750000000002 93
1680871736610 0.00280703125 94
1680871738985 0.0027296875 95
1680871741303 0.00265234375 96
1680871743662 0.002575 97
1680871745973 0.0024976562500000003 98
1680871748333 0.0024203125 99
1680871750704 0.00234296875 100
1680871753049 0.002265625 101
1680871755355 0.00218828125 102
1680871757754 0.0021109375 103
1680871760057 0.0020335937500000002 104
1680871762355 0.00195625 105
1680871764668 0.0018789062500000002 106
1680871767120 0.0018015625000000002 107
1680871769444 0.00172421875 108
1680871771817 0.0016468750000000001 109
1680871774122 0.00156953125 110
1680871776427 0.0014921875000000002 111
1680871778783 0.00141484375 112
1680871781107 0.0013375000000000001 113
1680871783417 0.00126015625 114
1680871785804 0.0011828124999999998 115
1680871788112 0.00110546875 116
1680871790473 0.001028125 117
1680871792780 0.00095078125 118
1680871795149 0.0008734375 119
1680871797500 0.0007960937499999999 120
1680871799853 0.00071875 121
1680871802151 0.0006414062499999999 122
1680871804581 0.0005640625 123
1680871806874 0.00048671875000000006 124
1680871809176 0.000409375 125
1680871811536 0.00033203125 126
1680871813902 0.0002546875 127
