1680871484928 0.11102863401174545 0
1680871488785 0.1025809720158577 1
1680871492077 0.09647009521722794 2
1680871495351 0.09182136505842209 3
1680871499319 0.09041551500558853 4
1680871507016 0.08606687188148499 5
1680871516679 0.08090588450431824 6
1680871529092 0.07830893993377686 7
1680871532435 0.07602772861719131 8
1680871535256 0.07227984070777893 9
1680871537994 0.07108794152736664 10
1680871540541 0.06988847255706787 11
1680871543198 0.06570789217948914 12
1680871545741 0.06682202965021133 13
1680871548174 0.06324941664934158 14
1680871550675 0.0627015009522438 15
1680871553079 0.06207672879099846 16
1680871555466 0.0611293688416481 17
1680871557897 0.058012545108795166 18
1680871560269 0.058419883251190186 19
1680871562688 0.056963369250297546 20
1680871565033 0.054481204599142075 21
1680871567378 0.052367113530635834 22
1680871569796 0.0539708286523819 23
1680871572168 0.05361676588654518 24
1680871574509 0.052149493247270584 25
1680871576841 0.050261810421943665 26
1680871579229 0.05088166892528534 27
1680871581628 0.05055563151836395 28
1680871584020 0.0487196184694767 29
1680871586345 0.048661742359399796 30
1680871588748 0.050326865166425705 31
1680871591075 0.04904913902282715 32
1680871593485 0.047964002937078476 33
1680871595834 0.04552245885133743 34
1680871598215 0.04666641727089882 35
1680871600530 0.047213729470968246 36
1680871602841 0.04624416306614876 37
1680871605201 0.04459698870778084 38
1680871607590 0.046434953808784485 39
1680871609903 0.04591938853263855 40
1680871612225 0.0459866039454937 41
1680871614541 0.04400578513741493 42
1680871616920 0.04485362395644188 43
1680871619278 0.04393472522497177 44
1680871621650 0.042543135583400726 45
1680871624106 0.042939767241477966 46
1680871626436 0.04430556297302246 47
1680871628766 0.04411638528108597 48
1680871631090 0.04447055608034134 49
1680871633457 0.04180595651268959 50
1680871635767 0.04168194159865379 51
1680871638087 0.04158256947994232 52
1680871640395 0.0416717566549778 53
1680871642805 0.0406036451458931 54
1680871645130 0.04025382921099663 55
1680871647494 0.04027387127280235 56
1680871649810 0.04073995351791382 57
1680871652113 0.03939614072442055 58
1680871654516 0.03920769691467285 59
1680871656903 0.03918211907148361 60
1680871659211 0.0388917550444603 61
1680871661670 0.03850767761468887 62
1680871664033 0.03728143498301506 63
1680871666344 0.038848988711833954 64
1680871668696 0.038584403693675995 65
1680871671018 0.0368022546172142 66
1680871673415 0.03672347590327263 67
1680871675738 0.037522681057453156 68
1680871678139 0.03663353621959686 69
1680871680448 0.036468442529439926 70
1680871682773 0.036248888820409775 71
1680871685099 0.03694889694452286 72
1680871687413 0.03698533773422241 73
1680871689731 0.035644497722387314 74
1680871692039 0.035918477922677994 75
1680871694331 0.035609375685453415 76
1680871696698 0.03558903932571411 77
1680871699016 0.035342987626791 78
1680871701383 0.03531545773148537 79
1680871703742 0.035375695675611496 80
1680871706045 0.03537760302424431 81
1680871708372 0.034340083599090576 82
1680871710747 0.03551992401480675 83
1680871713101 0.03314279392361641 84
1680871715524 0.03412579745054245 85
1680871717839 0.03385164216160774 86
1680871720149 0.03430648893117905 87
1680871722462 0.033104058355093 88
1680871724778 0.03369559347629547 89
1680871727111 0.03278639167547226 90
1680871729536 0.03281848505139351 91
1680871731969 0.032600171864032745 92
1680871734288 0.03287968039512634 93
1680871736610 0.03301899507641792 94
1680871738985 0.031901098787784576 95
1680871741303 0.032665934413671494 96
1680871743662 0.03224362060427666 97
1680871745973 0.0321476012468338 98
1680871748333 0.032254114747047424 99
1680871750704 0.03233550488948822 100
1680871753049 0.03150200843811035 101
1680871755355 0.030470898374915123 102
1680871757754 0.030832676216959953 103
1680871760057 0.03164628893136978 104
1680871762355 0.031002908945083618 105
1680871764668 0.030916009098291397 106
1680871767120 0.030747348442673683 107
1680871769444 0.030136238783597946 108
1680871771817 0.030719520524144173 109
1680871774122 0.0311886016279459 110
1680871776427 0.029596541076898575 111
1680871778783 0.03009495511651039 112
1680871781107 0.030762387439608574 113
1680871783417 0.03114674985408783 114
1680871785804 0.0297654177993536 115
1680871788112 0.030213672667741776 116
1680871790473 0.029196739196777344 117
1680871792780 0.028916915878653526 118
1680871795149 0.029147114604711533 119
1680871797500 0.028967099264264107 120
1680871799853 0.029083075001835823 121
1680871802151 0.029828939586877823 122
1680871804581 0.029584569856524467 123
1680871806874 0.02952398546040058 124
1680871809176 0.030057555064558983 125
1680871811536 0.028903858736157417 126
1680871813902 0.030169231817126274 127
