1680871484928 0.040521059185266495 0
1680871488785 0.038118232041597366 1
1680871492077 0.03594590723514557 2
1680871495351 0.03316587209701538 3
1680871499319 0.02907257340848446 4
1680871507016 0.027327869087457657 5
1680871516679 0.026148727163672447 6
1680871529092 0.024280531331896782 7
1680871532435 0.022683152928948402 8
1680871535256 0.022041739895939827 9
1680871537994 0.021610621362924576 10
1680871540541 0.02104850672185421 11
1680871543198 0.02093113586306572 12
1680871545741 0.019966620951890945 13
1680871548174 0.019715311005711555 14
1680871550675 0.01951855793595314 15
1680871553079 0.019387440755963326 16
1680871555466 0.020037073642015457 17
1680871557897 0.019990475848317146 18
1680871560269 0.019599881023168564 19
1680871562688 0.019186142832040787 20
1680871565033 0.01912258379161358 21
1680871567378 0.018870344385504723 22
1680871569796 0.019095048308372498 23
1680871572168 0.01882973313331604 24
1680871574509 0.0191459022462368 25
1680871576841 0.018556570634245872 26
1680871579229 0.018542272970080376 27
1680871581628 0.018392615020275116 28
1680871584020 0.017999868839979172 29
1680871586345 0.01790168136358261 30
1680871588748 0.017465727403759956 31
1680871591075 0.017227450385689735 32
1680871593485 0.01687604933977127 33
1680871595834 0.016329482197761536 34
1680871598215 0.015462330542504787 35
1680871600530 0.014951429329812527 36
1680871602841 0.013753107748925686 37
1680871605201 0.013001527637243271 38
1680871607590 0.011654368601739407 39
1680871609903 0.010383902117609978 40
1680871612225 0.010426466353237629 41
1680871614541 0.00969956535845995 42
1680871616920 0.010251484811306 43
1680871619278 0.008797519840300083 44
1680871621650 0.007981314323842525 45
1680871624106 0.007831646129488945 46
1680871626436 0.007853624410927296 47
1680871628766 0.007612417917698622 48
1680871631090 0.007788863033056259 49
1680871633457 0.0072006466798484325 50
1680871635767 0.007025071885436773 51
1680871638087 0.0069235581904649734 52
1680871640395 0.006325185298919678 53
1680871642805 0.007029662374407053 54
1680871645130 0.00613811518996954 55
1680871647494 0.006352680269628763 56
1680871649810 0.006392825860530138 57
1680871652113 0.006399648729711771 58
1680871654516 0.006247188895940781 59
1680871656903 0.006642589345574379 60
1680871659211 0.006392767187207937 61
1680871661670 0.006694871000945568 62
1680871664033 0.006036479491740465 63
1680871666344 0.0061529227532446384 64
1680871668696 0.005940538365393877 65
1680871671018 0.005616540554910898 66
1680871673415 0.006162881851196289 67
1680871675738 0.006107053253799677 68
1680871678139 0.005295556504279375 69
1680871680448 0.0054170722141861916 70
1680871682773 0.005341143347322941 71
1680871685099 0.005472067277878523 72
1680871687413 0.005689185578376055 73
1680871689731 0.005815414246171713 74
1680871692039 0.005608301144093275 75
1680871694331 0.005291700828820467 76
1680871696698 0.005400888156145811 77
1680871699016 0.005526180844753981 78
1680871701383 0.005813240073621273 79
1680871703742 0.005780288018286228 80
1680871706045 0.005476415157318115 81
1680871708372 0.005913615692406893 82
1680871710747 0.005165052134543657 83
1680871713101 0.0048012020997703075 84
1680871715524 0.0053715030662715435 85
1680871717839 0.004947813227772713 86
1680871720149 0.005352574400603771 87
1680871722462 0.004850983619689941 88
1680871724778 0.005278168711811304 89
1680871727111 0.005326186306774616 90
1680871729536 0.00505817960947752 91
1680871731969 0.004915716126561165 92
1680871734288 0.005350485909730196 93
1680871736610 0.005509602837264538 94
1680871738985 0.004958238452672958 95
1680871741303 0.004658430814743042 96
1680871743662 0.0051457760855555534 97
1680871745973 0.0050744786858558655 98
1680871748333 0.004945339169353247 99
1680871750704 0.005024098791182041 100
1680871753049 0.005044924560934305 101
1680871755355 0.004397167358547449 102
1680871757754 0.004660139326006174 103
1680871760057 0.005058389622718096 104
1680871762355 0.005084825213998556 105
1680871764668 0.00479523278772831 106
1680871767120 0.004610756877809763 107
1680871769444 0.004508007317781448 108
1680871771817 0.00491335429251194 109
1680871774122 0.0049535674042999744 110
1680871776427 0.004442770965397358 111
1680871778783 0.004571443889290094 112
1680871781107 0.004651450552046299 113
1680871783417 0.00475621223449707 114
1680871785804 0.004150909837335348 115
1680871788112 0.004720471333712339 116
1680871790473 0.0047892616130411625 117
1680871792780 0.004405246581882238 118
1680871795149 0.004642030224204063 119
1680871797500 0.0042213923297822475 120
1680871799853 0.004249830264598131 121
1680871802151 0.0048530250787734985 122
1680871804581 0.004509324673563242 123
1680871806874 0.004792397376149893 124
1680871809176 0.004522387869656086 125
1680871811536 0.00414361571893096 126
1680871813902 0.004582482855767012 127
