1680871484928 0.05439455062150955 0
1680871488785 0.06427643448114395 1
1680871492077 0.06599826365709305 2
1680871495351 0.0696399137377739 3
1680871499319 0.06300490349531174 4
1680871507016 0.061066821217536926 5
1680871516679 0.06089693307876587 6
1680871529092 0.0563381053507328 7
1680871532435 0.05298498645424843 8
1680871535256 0.05241914093494415 9
1680871537994 0.04781419038772583 10
1680871540541 0.047677960246801376 11
1680871543198 0.04653649777173996 12
1680871545741 0.04551798850297928 13
1680871548174 0.042367737740278244 14
1680871550675 0.042893119156360626 15
1680871553079 0.04222410172224045 16
1680871555466 0.040290892124176025 17
1680871557897 0.041434600949287415 18
1680871560269 0.041097525507211685 19
1680871562688 0.03869802877306938 20
1680871565033 0.03958102688193321 21
1680871567378 0.0419791154563427 22
1680871569796 0.040053851902484894 23
1680871572168 0.04045077785849571 24
1680871574509 0.04025799781084061 25
1680871576841 0.0356331393122673 26
1680871579229 0.03792838379740715 27
1680871581628 0.03713465854525566 28
1680871584020 0.03739527240395546 29
1680871586345 0.03665883094072342 30
1680871588748 0.03736617788672447 31
1680871591075 0.03753083944320679 32
1680871593485 0.03537522628903389 33
1680871595834 0.037244729697704315 34
1680871598215 0.03790952265262604 35
1680871600530 0.03510066121816635 36
1680871602841 0.03520968183875084 37
1680871605201 0.03542961925268173 38
1680871607590 0.03550153225660324 39
1680871609903 0.03448951244354248 40
1680871612225 0.03328359127044678 41
1680871614541 0.03319607302546501 42
1680871616920 0.033505070954561234 43
1680871619278 0.03490699082612991 44
1680871621650 0.032463379204273224 45
1680871624106 0.03381480276584625 46
1680871626436 0.03461385518312454 47
1680871628766 0.03447306901216507 48
1680871631090 0.03507860004901886 49
1680871633457 0.03215546905994415 50
1680871635767 0.031252603977918625 51
1680871638087 0.03124140202999115 52
1680871640395 0.0329255647957325 53
1680871642805 0.03435065969824791 54
1680871645130 0.030397526919841766 55
1680871647494 0.032987721264362335 56
1680871649810 0.031687624752521515 57
1680871652113 0.03140201419591904 58
1680871654516 0.031373124569654465 59
1680871656903 0.030248479917645454 60
1680871659211 0.031248927116394043 61
1680871661670 0.033539872616529465 62
1680871664033 0.03143464773893356 63
1680871666344 0.031275730580091476 64
1680871668696 0.03135937824845314 65
1680871671018 0.03079071268439293 66
1680871673415 0.029622100293636322 67
1680871675738 0.03025345504283905 68
1680871678139 0.03215815871953964 69
1680871680448 0.029929429292678833 70
1680871682773 0.029405614361166954 71
1680871685099 0.02987278439104557 72
1680871687413 0.030201394110918045 73
1680871689731 0.030920319259166718 74
1680871692039 0.03182544186711311 75
1680871694331 0.031466200947761536 76
1680871696698 0.030211511999368668 77
1680871699016 0.0292564257979393 78
1680871701383 0.03135084733366966 79
1680871703742 0.02936387062072754 80
1680871706045 0.029404785484075546 81
1680871708372 0.027544038370251656 82
1680871710747 0.028779227286577225 83
1680871713101 0.029905378818511963 84
1680871715524 0.028430642560124397 85
1680871717839 0.030581051483750343 86
1680871720149 0.03024877794086933 87
1680871722462 0.02927069365978241 88
1680871724778 0.030257051810622215 89
1680871727111 0.027905184775590897 90
1680871729536 0.030433986335992813 91
1680871731969 0.026481814682483673 92
1680871734288 0.029195016250014305 93
1680871736610 0.028930269181728363 94
1680871738985 0.028995148837566376 95
1680871741303 0.02867196500301361 96
1680871743662 0.02851278707385063 97
1680871745973 0.027402283623814583 98
1680871748333 0.030123233795166016 99
1680871750704 0.027166370302438736 100
1680871753049 0.028417451307177544 101
1680871755355 0.025941452011466026 102
1680871757754 0.026459166780114174 103
1680871760057 0.027815818786621094 104
1680871762355 0.02840745635330677 105
1680871764668 0.027636073529720306 106
1680871767120 0.028026007115840912 107
1680871769444 0.030080076307058334 108
1680871771817 0.028668032959103584 109
1680871774122 0.027015840634703636 110
1680871776427 0.028769733384251595 111
1680871778783 0.027217203751206398 112
1680871781107 0.027656160295009613 113
1680871783417 0.027390403673052788 114
1680871785804 0.02590375393629074 115
1680871788112 0.028540577739477158 116
1680871790473 0.026711594313383102 117
1680871792780 0.02648196928203106 118
1680871795149 0.02655191905796528 119
1680871797500 0.026960300281643867 120
1680871799853 0.027397552505135536 121
1680871802151 0.028525803238153458 122
1680871804581 0.025684954598546028 123
1680871806874 0.029038550332188606 124
1680871809176 0.029009781777858734 125
1680871811536 0.026161160320043564 126
1680871813902 0.026814116165041924 127
