1679657741374 0.00030190182748391373 0
1679659172324 0.0022765569897516854 6
1679659411808 0.026800757221537536 7
1679659882442 0.029315326159266356 9
1679660120617 0.03294612775090425 10
1679660345223 0.08118930977248213 11
1679660568107 0.111050977656227 12
1679660789600 0.16380376431634083 13
1679661011077 0.20224468903983958 14
1679661231496 0.2456583176351881 15
1679661451229 0.264217258218248 16
1679661670871 0.28592851186601204 17
1679662107465 0.3265193265108173 19
1679662325715 0.3685704065083189 20
1679662780488 0.38207741986857036 22
1679663477933 0.45330621644003094 25
1679663695554 0.4750327877837563 26
1679664572741 0.547671883946799 30
1679665231932 0.574724921130592 33
1679666098065 0.6176777033050883 37
1679667859379 0.661550856287874 45
1679669596625 0.6624939999685874 53
1679669812935 0.6765786436585565 54
1679670030910 0.6901804403838389 55
1679671765819 0.7163696973602525 63
1679672641183 0.7360705506765167 67
1679674878194 0.7424454149208343 77
1679676398747 0.747326147050119 84
1679677912077 0.7487054780493211 91
1679678128753 0.754261395726532 92
1679678776838 0.7554383778808038 95
1679679209019 0.7563144443232899 97
1679680073390 0.7592163962600266 101
1679680505518 0.7782005807942373 103
1679682018088 0.7813262568957811 110
1679683531274 0.7844531506559952 117
1679684394636 0.7891554653807383 121
1679684610792 0.7908556797991187 122
1679685043671 0.7913716251368865 124
1679685259664 0.7931297259312228 125
