1679657741374 0.0011661680335466737 0
1679659172324 0.006622982693118079 6
1679659411808 0.010091436773094688 7
1679659882442 0.46055860643275087 9
1679660120617 0.4612080993339775 10
1679660345223 0.16191378851772448 11
1679660568107 0.21821161104585018 12
1679660789600 0.2593616103658646 13
1679661011077 0.2503516308503975 14
1679661231496 0.3440375434390721 15
1679661451229 0.39072462082630555 16
1679661670871 0.4230294382598259 17
1679662107465 0.5504487583539098 19
1679662325715 0.5421921277812006 20
1679662780488 0.558030538468695 22
1679663477933 0.7797358490471216 25
1679663695554 0.8462817512356301 26
1679664572741 0.8895434753418837 30
1679665231932 0.9109428483944632 33
1679666098065 0.9371139209615849 37
1679667859379 0.9434484112628353 45
1679669596625 0.9154565062226209 53
1679669812935 0.9296458646619722 54
1679670030910 0.9322494913657109 55
1679671765819 0.9485034922624513 63
1679672641183 0.9619250992347824 67
1679674878194 0.9425330921766585 77
1679676398747 0.9520124938637023 84
1679677912077 0.9550362385966688 91
1679678128753 0.9646893556595854 92
1679678776838 0.960788879708304 95
1679679209019 0.9600832857557474 97
1679680073390 0.9489566811275493 101
1679680505518 0.9547031359264633 103
1679682018088 0.9555803375619024 110
1679683531274 0.9533967582650291 117
1679684394636 0.9606320669677304 121
1679684610792 0.9576853467957918 122
1679685043671 0.9568728157673426 124
1679685259664 0.9587877792002262 125
