1679657741374 0.028753361809840217 0
1679659172324 0.10750688122210623 6
1679659411808 0.6582616542490966 7
1679659882442 0.15326940978942213 9
1679660120617 0.2567133379983651 10
1679660345223 0.5787371587794907 11
1679660568107 0.6335693052305288 12
1679660789600 0.7219654928738187 13
1679661011077 0.7450664203918073 14
1679661231496 0.7776295064162199 15
1679661451229 0.7350818568582561 16
1679661670871 0.7537581329334757 17
1679662107465 0.7734320410570173 19
1679662325715 0.7677688301573644 20
1679662780488 0.7532011573173151 22
1679663477933 0.7381629912960191 25
1679663695554 0.7467126033441639 26
1679664572741 0.8383418055105452 30
1679665231932 0.8569868685958646 33
1679666098065 0.8884922532481593 37
1679667859379 0.9152283825536954 45
1679669596625 0.9311501345442997 53
1679669812935 0.9320195901712941 54
1679670030910 0.9352565459280361 55
1679671765819 0.934561425691712 63
1679672641183 0.9315237799605741 67
1679674878194 0.9472252892154612 77
1679676398747 0.9528126598373329 84
1679677912077 0.9528565543568076 91
1679678128753 0.9502846841725296 92
1679678776838 0.9559680476874742 95
1679679209019 0.9430884364540901 97
1679680073390 0.961611017220059 101
1679680505518 0.9607120792803242 103
1679682018088 0.9637573692426944 110
1679683531274 0.9607222646199159 117
1679684394636 0.9526053857401925 121
1679684610792 0.9566369735951518 122
1679685043671 0.9596860888929747 124
1679685259664 0.9626803056824226 125
