1679833789670 0.110936239361763 0
1679834043476 0.10145651549100876 1
1679834297837 0.09653271734714508 2
1679834555162 0.09092630445957184 3
1679834812955 0.08713117986917496 4
1679835058528 0.08294527977705002 5
1679835297583 0.07827837765216827 6
1679835532496 0.0756785124540329 7
1679835764830 0.07604784518480301 8
1679835998450 0.07057119905948639 9
1679836229021 0.070930115878582 10
1679836456581 0.06621610373258591 11
1679836682630 0.06537481397390366 12
1679836907582 0.06325055658817291 13
1679837131648 0.06415747106075287 14
1679837355768 0.062389105558395386 15
1679837579655 0.0626152828335762 16
1679837802584 0.061049193143844604 17
1679838025569 0.06066269800066948 18
1679838252188 0.058323126286268234 19
1679838474289 0.05706242471933365 20
1679838696501 0.05604887381196022 21
1679838919235 0.05533343553543091 22
1679839141574 0.05590106174349785 23
1679839364202 0.05577521398663521 24
1679839587345 0.055479586124420166 25
1679839810059 0.0533878467977047 26
1679840033389 0.05312119051814079 27
1679840256402 0.05179024860262871 28
1679840479106 0.04969800263643265 29
1679840701138 0.05173175781965256 30
1679840922842 0.05187332257628441 31
1679841145869 0.051853641867637634 32
1679841368633 0.05167398229241371 33
1679841590672 0.05029013752937317 34
1679841813952 0.049967844039201736 35
1679842035862 0.04962947592139244 36
1679842257566 0.04777316004037857 37
1679842479291 0.04772377386689186 38
1679842701024 0.0467856228351593 39
1679842922806 0.04859686270356178 40
1679843144668 0.04848833009600639 41
1679843367380 0.04774472117424011 42
1679843589534 0.04671776667237282 43
1679843810529 0.04562761262059212 44
1679844032419 0.0447213388979435 45
1679844254025 0.04491785913705826 46
1679844476621 0.045152731239795685 47
1679844698456 0.0458809956908226 48
1679844920116 0.04497726634144783 49
1679845141708 0.04564453288912773 50
1679845364303 0.043341901153326035 51
1679845585544 0.043630123138427734 52
1679845807027 0.04074249044060707 53
1679846029442 0.04065149277448654 54
1679846251349 0.04193936660885811 55
1679846473139 0.042620282620191574 56
1679846694738 0.04347230866551399 57
1679846916493 0.041630618274211884 58
1679847137671 0.040779728442430496 59
1679847359691 0.04044581204652786 60
1679847581868 0.04003032296895981 61
1679847803207 0.04085442051291466 62
1679848025128 0.0401541106402874 63
1679848246720 0.0398218035697937 64
1679848468566 0.039405182003974915 65
1679848690116 0.039499782025814056 66
1679848910892 0.039260342717170715 67
1679849133171 0.0369577556848526 68
1679849354562 0.03708704560995102 69
1679849576869 0.038746923208236694 70
1679849798667 0.039408668875694275 71
1679850019655 0.03940197825431824 72
1679850241079 0.03898222744464874 73
1679850462351 0.03837685286998749 74
1679850684321 0.03895590826869011 75
1679850907078 0.03772041201591492 76
1679851129252 0.037659674882888794 77
1679851350978 0.03688425570726395 78
1679851572466 0.0376870259642601 79
1679851793894 0.0382283553481102 80
1679852015581 0.037304509431123734 81
1679852236377 0.037797119468450546 82
1679852457817 0.0366457924246788 83
1679852680496 0.03485195338726044 84
1679852902375 0.0363023541867733 85
1679853124234 0.03606272116303444 86
1679853345900 0.03682679682970047 87
1679853567727 0.03589269518852234 88
1679853788616 0.03582132235169411 89
1679854010383 0.036645323038101196 90
1679854231284 0.03611200302839279 91
1679854453746 0.03564414381980896 92
1679854674954 0.03474130854010582 93
1679854897193 0.0334370993077755 94
1679855118901 0.0352555550634861 95
1679855339796 0.03569215163588524 96
1679855561269 0.03373780846595764 97
1679855782279 0.034746792167425156 98
1679856003882 0.03425466641783714 99
1679856226595 0.0349113829433918 100
1679856448330 0.033652931451797485 101
1679856669968 0.03476625680923462 102
1679856891973 0.033779408782720566 103
1679857113683 0.03442077338695526 104
1679857335284 0.03514545410871506 105
1679857556620 0.034250613301992416 106
1679857777715 0.0339856818318367 107
1679858000350 0.03264801204204559 108
1679858221983 0.03370829299092293 109
1679858444021 0.03342491015791893 110
1679858665393 0.03359752148389816 111
1679858887089 0.03362404182553291 112
1679859108406 0.0328221395611763 113
1679859329871 0.03320228308439255 114
1679859551910 0.03212740644812584 115
1679859773732 0.03126039728522301 116
1679859994877 0.031450409442186356 117
1679860216764 0.031960126012563705 118
1679860438618 0.031004831194877625 119
1679860659772 0.03190065920352936 120
1679860881322 0.03187895938754082 121
1679861103804 0.030731914564967155 122
1679861325121 0.03313127160072327 123
1679861547545 0.03126536309719086 124
1679861769382 0.03122936375439167 125
1679861991343 0.03083685040473938 126
1679862212569 0.03150391951203346 127
1679862434169 0.03190864250063896 128
