1679833789670 0.04050273448228836 0
1679834043476 0.036953579634428024 1
1679834297837 0.03392428532242775 2
1679834555162 0.03194594383239746 3
1679834812955 0.028164967894554138 4
1679835058528 0.02793571911752224 5
1679835297583 0.02527368627488613 6
1679835532496 0.02403782121837139 7
1679835764830 0.022617973387241364 8
1679835998450 0.022330546751618385 9
1679836229021 0.02155732922255993 10
1679836456581 0.0213339701294899 11
1679836682630 0.020939525216817856 12
1679836907582 0.019869113340973854 13
1679837131648 0.01979317143559456 14
1679837355768 0.0198745746165514 15
1679837579655 0.01969372294843197 16
1679837802584 0.019195804372429848 17
1679838025569 0.019767358899116516 18
1679838252188 0.019908681511878967 19
1679838474289 0.01894265227019787 20
1679838696501 0.018697228282690048 21
1679838919235 0.018955495208501816 22
1679839141574 0.018169552087783813 23
1679839364202 0.017682213336229324 24
1679839587345 0.01745743490755558 25
1679839810059 0.016700634732842445 26
1679840033389 0.016179043799638748 27
1679840256402 0.015966232866048813 28
1679840479106 0.014233250170946121 29
1679840701138 0.013052642345428467 30
1679840922842 0.012301144190132618 31
1679841145869 0.011943343095481396 32
1679841368633 0.010854772292077541 33
1679841590672 0.010143354535102844 34
1679841813952 0.009361487813293934 35
1679842035862 0.00910190213471651 36
1679842257566 0.009152255021035671 37
1679842479291 0.008603723719716072 38
1679842701024 0.008901509456336498 39
1679842922806 0.00791653711348772 40
1679843144668 0.007766264025121927 41
1679843367380 0.007593029644340277 42
1679843589534 0.007301801815629005 43
1679843810529 0.007141239009797573 44
1679844032419 0.007048835512250662 45
1679844254025 0.007017493713647127 46
1679844476621 0.007382753770798445 47
1679844698456 0.007331428583711386 48
1679844920116 0.007204742636531591 49
1679845141708 0.0068900249898433685 50
1679845364303 0.006648443639278412 51
1679845585544 0.006418511737138033 52
1679845807027 0.006050433497875929 53
1679846029442 0.0060330843552947044 54
1679846251349 0.006471097469329834 55
1679846473139 0.006168626248836517 56
1679846694738 0.006496812682598829 57
1679846916493 0.006065714173018932 58
1679847137671 0.006206037942320108 59
1679847359691 0.006008236203342676 60
1679847581868 0.006013631355017424 61
1679847803207 0.006418958771973848 62
1679848025128 0.005917579401284456 63
1679848246720 0.005949696060270071 64
1679848468566 0.00594943156465888 65
1679848690116 0.005783780477941036 66
1679848910892 0.005373713094741106 67
1679849133171 0.00572633882984519 68
1679849354562 0.005236130673438311 69
1679849576869 0.005232890602201223 70
1679849798667 0.005110414698719978 71
1679850019655 0.005403139162808657 72
1679850241079 0.0054497793316841125 73
1679850462351 0.005457158666104078 74
1679850684321 0.00533337751403451 75
1679850907078 0.005655224435031414 76
1679851129252 0.004936684388667345 77
1679851350978 0.0050662606954574585 78
1679851572466 0.00543846283107996 79
1679851793894 0.005694165360182524 80
1679852015581 0.004994619637727737 81
1679852236377 0.005848141852766275 82
1679852457817 0.0053174798376858234 83
1679852680496 0.004735905211418867 84
1679852902375 0.005380367860198021 85
1679853124234 0.004804414231330156 86
1679853345900 0.00512878131121397 87
1679853567727 0.005307682324200869 88
1679853788616 0.004803890362381935 89
1679854010383 0.00540604954585433 90
1679854231284 0.005183286964893341 91
1679854453746 0.00472272839397192 92
1679854674954 0.005406241863965988 93
1679854897193 0.004943108186125755 94
1679855118901 0.005158144515007734 95
1679855339796 0.004771233070641756 96
1679855561269 0.00456622987985611 97
1679855782279 0.0052606649696826935 98
1679856003882 0.005091915838420391 99
1679856226595 0.005630317609757185 100
1679856448330 0.004686411935836077 101
1679856669968 0.0051236324943602085 102
1679856891973 0.0045363400131464005 103
1679857113683 0.004843376576900482 104
1679857335284 0.0054785506799817085 105
1679857556620 0.004578927531838417 106
1679857777715 0.00454301293939352 107
1679858000350 0.004615135490894318 108
1679858221983 0.004965323954820633 109
1679858444021 0.004845249932259321 110
1679858665393 0.004490158520638943 111
1679858887089 0.0047476221807301044 112
1679859108406 0.004955744370818138 113
1679859329871 0.00428982637822628 114
1679859551910 0.0040914081037044525 115
1679859773732 0.004092079121619463 116
1679859994877 0.004833938088268042 117
1679860216764 0.004769917577505112 118
1679860438618 0.004451789427548647 119
1679860659772 0.00431207288056612 120
1679860881322 0.0043226187117397785 121
1679861103804 0.00453178258612752 122
1679861325121 0.004058013204485178 123
1679861547545 0.004219049122184515 124
1679861769382 0.004253406077623367 125
1679861991343 0.004007469397038221 126
1679862212569 0.004484710283577442 127
1679862434169 0.004282546695321798 128
