1679833789670 0.05580007657408714 0
1679834043476 0.06479844450950623 1
1679834297837 0.06328319013118744 2
1679834555162 0.06854492425918579 3
1679834812955 0.06342285871505737 4
1679835058528 0.05933935195207596 5
1679835297583 0.05985888093709946 6
1679835532496 0.05365796014666557 7
1679835764830 0.05398170277476311 8
1679835998450 0.056135207414627075 9
1679836229021 0.050495635718107224 10
1679836456581 0.0502062626183033 11
1679836682630 0.046568501740694046 12
1679836907582 0.049381956458091736 13
1679837131648 0.044920019805431366 14
1679837355768 0.0433625727891922 15
1679837579655 0.043316081166267395 16
1679837802584 0.04079984501004219 17
1679838025569 0.04165805131196976 18
1679838252188 0.04144791513681412 19
1679838474289 0.040569864213466644 20
1679838696501 0.040365442633628845 21
1679838919235 0.04265211895108223 22
1679839141574 0.0417671836912632 23
1679839364202 0.04177698865532875 24
1679839587345 0.04193668067455292 25
1679839810059 0.037699103355407715 26
1679840033389 0.03985053300857544 27
1679840256402 0.03805014118552208 28
1679840479106 0.039501264691352844 29
1679840701138 0.03817010298371315 30
1679840922842 0.03770773485302925 31
1679841145869 0.039335936307907104 32
1679841368633 0.03648827224969864 33
1679841590672 0.03888731449842453 34
1679841813952 0.03930087387561798 35
1679842035862 0.03805890306830406 36
1679842257566 0.03614344820380211 37
1679842479291 0.03605611249804497 38
1679842701024 0.03552495315670967 39
1679842922806 0.03550771623849869 40
1679843144668 0.03501894325017929 41
1679843367380 0.03582935035228729 42
1679843589534 0.032630033791065216 43
1679843810529 0.036387212574481964 44
1679844032419 0.034066665917634964 45
1679844254025 0.03483548387885094 46
1679844476621 0.03606271371245384 47
1679844698456 0.03326430171728134 48
1679844920116 0.03402285277843475 49
1679845141708 0.03319546952843666 50
1679845364303 0.032130640000104904 51
1679845585544 0.03190689906477928 52
1679845807027 0.03461454063653946 53
1679846029442 0.03331471607089043 54
1679846251349 0.031891074031591415 55
1679846473139 0.03337956592440605 56
1679846694738 0.033150508999824524 57
1679846916493 0.03173057362437248 58
1679847137671 0.032172780483961105 59
1679847359691 0.030959321185946465 60
1679847581868 0.031151993200182915 61
1679847803207 0.0345386303961277 62
1679848025128 0.03267490863800049 63
1679848246720 0.03270668536424637 64
1679848468566 0.03209603205323219 65
1679848690116 0.030849680304527283 66
1679848910892 0.030959229916334152 67
1679849133171 0.031060507521033287 68
1679849354562 0.032988134771585464 69
1679849576869 0.0321398600935936 70
1679849798667 0.029059965163469315 71
1679850019655 0.030374227091670036 72
1679850241079 0.030852891504764557 73
1679850462351 0.0327644981443882 74
1679850684321 0.0314159132540226 75
1679850907078 0.03304546698927879 76
1679851129252 0.029782144352793694 77
1679851350978 0.029617834836244583 78
1679851572466 0.031545087695121765 79
1679851793894 0.031158318743109703 80
1679852015581 0.02959936484694481 81
1679852236377 0.02941768988966942 82
1679852457817 0.02927921526134014 83
1679852680496 0.029811661690473557 84
1679852902375 0.02875283733010292 85
1679853124234 0.030232977122068405 86
1679853345900 0.032293617725372314 87
1679853567727 0.029022129252552986 88
1679853788616 0.029835671186447144 89
1679854010383 0.029538899660110474 90
1679854231284 0.02957095205783844 91
1679854453746 0.028283370658755302 92
1679854674954 0.02854708768427372 93
1679854897193 0.029132025316357613 94
1679855118901 0.029429951682686806 95
1679855339796 0.030351631343364716 96
1679855561269 0.028180861845612526 97
1679855782279 0.029621412977576256 98
1679856003882 0.02928156964480877 99
1679856226595 0.028432967141270638 100
1679856448330 0.029161563143134117 101
1679856669968 0.028075577691197395 102
1679856891973 0.026047030463814735 103
1679857113683 0.02922184392809868 104
1679857335284 0.02954651415348053 105
1679857556620 0.028512045741081238 106
1679857777715 0.02884780801832676 107
1679858000350 0.02810187265276909 108
1679858221983 0.029728127643465996 109
1679858444021 0.028147753328084946 110
1679858665393 0.028272025287151337 111
1679858887089 0.029424557462334633 112
1679859108406 0.02695475146174431 113
1679859329871 0.02747572958469391 114
1679859551910 0.027040181681513786 115
1679859773732 0.0273324865847826 116
1679859994877 0.028594231233000755 117
1679860216764 0.027730083093047142 118
1679860438618 0.02689065784215927 119
1679860659772 0.027060501277446747 120
1679860881322 0.028257939964532852 121
1679861103804 0.029346585273742676 122
1679861325121 0.02701353095471859 123
1679861547545 0.029260382056236267 124
1679861769382 0.02896047569811344 125
1679861991343 0.02669730968773365 126
1679862212569 0.026062918826937675 127
1679862434169 0.027834827080368996 128
