1679571912236 0.0784 0
1679572179012 0.0558621015625 1
1679572441527 0.03328553125 2
1679572683833 0.01067028906249999 3
1679572912320 0.009690625000000001 4
1679573144160 0.009690625000000001 5
1679573377317 0.00961328125 6
1679573620312 0.009535937500000001 7
1679573862541 0.009458593749999999 8
1679574093539 0.00938125 9
1679574324562 0.00930390625 10
1679574545661 0.0092265625 11
1679574765676 0.00914921875 12
1679574985835 0.009071875 13
1679575205212 0.00899453125 14
1679575423669 0.0089171875 15
1679575643075 0.008839843750000001 16
1679575861524 0.0087625 17
1679576079255 0.008685156250000001 18
1679576296974 0.008607812500000001 19
1679576514523 0.00853046875 20
1679576732443 0.008453125 21
1679576950110 0.00837578125 22
1679577168031 0.0082984375 23
1679577385850 0.00822109375 24
1679577615068 0.00814375 25
1679577832784 0.00806640625 26
1679578051003 0.007989062500000001 27
1679578268383 0.00791171875 28
1679578485690 0.007834375000000001 29
1679578702844 0.007757031250000001 30
1679578921276 0.0076796875 31
1679579140709 0.007602343750000001 32
1679579358124 0.007525 33
1679579576807 0.00744765625 34
1679579794131 0.0073703125 35
1679580011393 0.00729296875 36
1679580228326 0.007215625 37
1679580445797 0.0071382812500000005 38
1679580662613 0.0070609374999999995 39
1679580879973 0.00698359375 40
1679581096760 0.006906250000000001 41
1679581314415 0.00682890625 42
1679581531893 0.006751562500000001 43
1679581748933 0.0066742187500000005 44
1679581965484 0.006596875 45
1679582182840 0.00651953125 46
1679582400212 0.0064421875 47
1679582616936 0.00636484375 48
1679582833715 0.0062875000000000006 49
1679583051426 0.0062101562499999995 50
1679583268696 0.0061328125 51
1679583486108 0.006055468750000001 52
1679583703866 0.005978125 53
1679583920374 0.005900781250000001 54
1679584137128 0.0058234375000000005 55
1679584353790 0.0057460937499999995 56
1679584570604 0.00566875 57
1679584787450 0.005591406250000001 58
1679585004497 0.0055140625 59
1679585220926 0.005436718750000001 60
1679585437875 0.0053593749999999996 61
1679585654727 0.00528203125 62
1679585872073 0.0052046875 63
1679586089459 0.00512734375 64
1679586306045 0.00505 65
1679586523290 0.00497265625 66
1679586740154 0.0048953125 67
1679586957275 0.00481796875 68
1679587174744 0.004740625 69
1679587391461 0.00466328125 70
1679587608080 0.004585937500000001 71
1679587825104 0.0045085937500000004 72
1679588042846 0.00443125 73
1679588260241 0.00435390625 74
1679588476929 0.0042765625 75
1679588694349 0.00419921875 76
1679588911075 0.004121875 77
1679589127841 0.00404453125 78
1679589344737 0.0039671875 79
1679589561870 0.00388984375 80
1679589779091 0.0038125 81
1679589995904 0.00373515625 82
1679590212628 0.0036578125 83
1679590429646 0.00358046875 84
1679590646484 0.003503125 85
1679590863177 0.00342578125 86
1679591080625 0.0033484375 87
1679591297269 0.0032710937499999997 88
1679591514314 0.0031937500000000004 89
1679591731155 0.0031164062500000003 90
1679591948486 0.0030390625 91
1679592165074 0.0029617187500000004 92
1679592382021 0.0028843750000000002 93
1679592599157 0.00280703125 94
1679592816225 0.0027296875 95
1679593033056 0.00265234375 96
1679593249957 0.002575 97
1679593466679 0.0024976562500000003 98
1679593683669 0.0024203125 99
1679593900632 0.00234296875 100
1679594117319 0.002265625 101
1679594334366 0.00218828125 102
1679594551670 0.0021109375 103
1679594769177 0.0020335937500000002 104
1679594985879 0.00195625 105
1679595202532 0.0018789062500000002 106
1679595419314 0.0018015625000000002 107
1679595636375 0.00172421875 108
1679595853024 0.0016468750000000001 109
1679596069669 0.00156953125 110
1679596287259 0.0014921875000000002 111
1679596504034 0.00141484375 112
1679596720660 0.0013375000000000001 113
1679596937744 0.00126015625 114
1679597155154 0.0011828124999999998 115
1679597372075 0.00110546875 116
1679597588580 0.001028125 117
1679597805605 0.00095078125 118
1679598022298 0.0008734375 119
1679598238832 0.0007960937499999999 120
1679598455324 0.00071875 121
1679598672176 0.0006414062499999999 122
1679598889037 0.0005640625 123
1679599105660 0.00048671875000000006 124
1679599322671 0.000409375 125
1679599539579 0.00033203125 126
1679599756896 0.0002546875 127
