1679657741368 0.11215857416391373 0
1679657981266 0.10552465170621872 1
1679658221345 0.0977964699268341 2
1679658458072 0.09307948499917984 3
1679658694817 0.09000195562839508 4
1679658933319 0.08798479288816452 5
1679659172319 0.083794504404068 6
1679659411804 0.08234383165836334 7
1679659648689 0.07842577993869781 8
1679659882437 0.0746268779039383 9
1679660120613 0.07189854979515076 10
1679660345218 0.06877007335424423 11
1679660568103 0.06617183983325958 12
1679660789595 0.06431785225868225 13
1679661011072 0.06406179070472717 14
1679661231492 0.06191525235772133 15
1679661451225 0.062130775302648544 16
1679661670865 0.05986911058425903 17
1679661889961 0.05971219763159752 18
1679662107460 0.05774172767996788 19
1679662325710 0.05488231033086777 20
1679662543772 0.05517895892262459 21
1679662780484 0.056043919175863266 22
1679663025060 0.054039839655160904 23
1679663258333 0.05351625010371208 24
1679663477928 0.0544893778860569 25
1679663695549 0.05254886671900749 26
1679663912681 0.05162712559103966 27
1679664129322 0.049391645938158035 28
1679664347408 0.049579281359910965 29
1679664572737 0.05219753086566925 30
1679664789810 0.05077581852674484 31
1679665014619 0.049137528985738754 32
1679665231927 0.04819420725107193 33
1679665448461 0.048069000244140625 34
1679665664765 0.04910111054778099 35
1679665881597 0.047886643558740616 36
1679666098061 0.04606228694319725 37
1679666315144 0.04558458551764488 38
1679666531395 0.04600517079234123 39
1679666747778 0.045290566980838776 40
1679666986315 0.043729957193136215 41
1679667203422 0.04546695947647095 42
1679667422059 0.04371492564678192 43
1679667643070 0.04427013173699379 44
1679667859374 0.042267508804798126 45
1679668075884 0.042926885187625885 46
1679668292108 0.04395584762096405 47
1679668512001 0.041880052536726 48
1679668728649 0.04028844088315964 49
1679668945803 0.04112152010202408 50
1679669163951 0.04302219673991203 51
1679669379961 0.040941350162029266 52
1679669596620 0.04056968167424202 53
1679669812931 0.04046238958835602 54
1679670030906 0.039614975452423096 55
1679670247111 0.0392579585313797 56
1679670463150 0.040709201246500015 57
1679670680053 0.039115939289331436 58
1679670898413 0.03865396976470947 59
1679671115384 0.03866378590464592 60
1679671332882 0.03823709860444069 61
1679671549725 0.03931622952222824 62
1679671765815 0.03756970912218094 63
1679671986036 0.037373993545770645 64
1679672203477 0.03682347759604454 65
1679672420562 0.037325624376535416 66
1679672641178 0.03727014362812042 67
1679672858471 0.03650052845478058 68
1679673092432 0.03591657802462578 69
1679673310994 0.037328071892261505 70
1679673530725 0.036276187747716904 71
1679673748505 0.036259476095438004 72
1679673965786 0.03542453423142433 73
1679674183721 0.03639493137598038 74
1679674401899 0.034981194883584976 75
1679674635867 0.035764921456575394 76
1679674878168 0.03507016599178314 77
1679675096516 0.034178826957941055 78
1679675313058 0.03417140990495682 79
1679675529065 0.03474881127476692 80
1679675748816 0.03441543132066727 81
1679675965081 0.034259431064128876 82
1679676182800 0.034169696271419525 83
1679676398743 0.034255292266607285 84
1679676614871 0.033336080610752106 85
1679676830915 0.03387272730469704 86
1679677046883 0.03370077162981033 87
1679677262974 0.03318161517381668 88
1679677479086 0.033558547496795654 89
1679677694994 0.03341421112418175 90
1679677912072 0.032399874180555344 91
1679678128748 0.03180983290076256 92
1679678344908 0.033371541649103165 93
1679678560726 0.031825073063373566 94
1679678776834 0.032053135335445404 95
1679678993165 0.03152219206094742 96
1679679209015 0.031982265412807465 97
1679679425141 0.03207246586680412 98
1679679641567 0.031232211738824844 99
1679679857475 0.03244959935545921 100
1679680073386 0.03087814338505268 101
1679680289557 0.031585145741701126 102
1679680505512 0.03013831377029419 103
1679680721753 0.032272592186927795 104
1679680937803 0.0324987918138504 105
1679681153940 0.03130274638533592 106
1679681369823 0.03144179284572601 107
1679681586368 0.030023466795682907 108
1679681802238 0.03093680553138256 109
1679682018083 0.031164156273007393 110
1679682234333 0.029753655195236206 111
1679682450608 0.030410777777433395 112
1679682666580 0.029763344675302505 113
1679682882457 0.029642153531312943 114
1679683098443 0.029825864359736443 115
1679683315382 0.029115576297044754 116
1679683531268 0.029095564037561417 117
1679683747228 0.029450315982103348 118
1679683963052 0.029650095850229263 119
1679684178816 0.029088255017995834 120
1679684394632 0.029344191774725914 121
1679684610786 0.029612593352794647 122
1679684826887 0.029994772747159004 123
1679685043666 0.02861216850578785 124
1679685259660 0.029365232214331627 125
1679685475647 0.029080519452691078 126
1679685691409 0.029257675632834435 127
