1679657741368 0.04081273078918457 0
1679657981266 0.03888510912656784 1
1679658221345 0.03679930791258812 2
1679658458072 0.03563800826668739 3
1679658694817 0.03390847519040108 4
1679658933319 0.031300418078899384 5
1679659172319 0.027570070698857307 6
1679659411804 0.025917164981365204 7
1679659648689 0.02283312752842903 8
1679659882437 0.022296495735645294 9
1679660120613 0.02159392088651657 10
1679660345218 0.02103474549949169 11
1679660568103 0.020551392808556557 12
1679660789595 0.019824329763650894 13
1679661011072 0.019608981907367706 14
1679661231492 0.019507961347699165 15
1679661451225 0.019354095682501793 16
1679661670865 0.019396096467971802 17
1679661889961 0.019475065171718597 18
1679662107460 0.019228460267186165 19
1679662325710 0.01900923065841198 20
1679662543772 0.018019001930952072 21
1679662780484 0.017867792397737503 22
1679663025060 0.017099179327487946 23
1679663258333 0.01672024093568325 24
1679663477928 0.016031373292207718 25
1679663695549 0.015245798975229263 26
1679663912681 0.014369338750839233 27
1679664129322 0.012992306612432003 28
1679664347408 0.011811302043497562 29
1679664572737 0.010948453098535538 30
1679664789810 0.009354899637401104 31
1679665014619 0.009315963834524155 32
1679665231927 0.008320186287164688 33
1679665448461 0.007486860267817974 34
1679665664765 0.007738409098237753 35
1679665881597 0.007252993993461132 36
1679666098061 0.00628157751634717 37
1679666315144 0.00667522381991148 38
1679666531395 0.007086249999701977 39
1679666747778 0.006442479323595762 40
1679666986315 0.00678789708763361 41
1679667203422 0.006629920564591885 42
1679667422059 0.007035034243017435 43
1679667643070 0.005969666410237551 44
1679667859374 0.006291971076279879 45
1679668075884 0.0059279585257172585 46
1679668292108 0.006633155979216099 47
1679668512001 0.0058634099550545216 48
1679668728649 0.007378851063549519 49
1679668945803 0.006555246654897928 50
1679669163951 0.006465925835072994 51
1679669379961 0.005546377971768379 52
1679669596620 0.005391253158450127 53
1679669812931 0.005020345561206341 54
1679670030906 0.005374174099415541 55
1679670247111 0.005160768982023001 56
1679670463150 0.005246776156127453 57
1679670680053 0.005008737090975046 58
1679670898413 0.005133233033120632 59
1679671115384 0.005109741818159819 60
1679671332882 0.00499314907938242 61
1679671549725 0.005618602968752384 62
1679671765815 0.004729218315333128 63
1679671986036 0.004840303678065538 64
1679672203477 0.004932033363729715 65
1679672420562 0.004774077795445919 66
1679672641178 0.0053715333342552185 67
1679672858471 0.004605414811521769 68
1679673092432 0.00459853233769536 69
1679673310994 0.00478979991748929 70
1679673530725 0.005066896788775921 71
1679673748505 0.005087031051516533 72
1679673965786 0.004503876436501741 73
1679674183721 0.004858022090047598 74
1679674401899 0.004694158677011728 75
1679674635867 0.004915324971079826 76
1679674878168 0.004468202590942383 77
1679675096516 0.004463115241378546 78
1679675313058 0.004667026922106743 79
1679675529065 0.0050771478563547134 80
1679675748816 0.004656424280256033 81
1679675965081 0.004707681015133858 82
1679676182800 0.004128534812480211 83
1679676398743 0.004645165987312794 84
1679676614871 0.004361680243164301 85
1679676830915 0.004443618934601545 86
1679677046883 0.004510672762989998 87
1679677262974 0.004306757356971502 88
1679677479086 0.00431118393316865 89
1679677694994 0.004802144598215818 90
1679677912072 0.004556599538773298 91
1679678128748 0.004045038018375635 92
1679678344908 0.004819654393941164 93
1679678560726 0.004290866199880838 94
1679678776834 0.004352110903710127 95
1679678993165 0.0041168928146362305 96
1679679209015 0.0039573777467012405 97
1679679425141 0.004592497833073139 98
1679679641567 0.004184994380921125 99
1679679857475 0.0044196718372404575 100
1679680073386 0.004143416415899992 101
1679680289557 0.004387923050671816 102
1679680505512 0.0036545158363878727 103
1679680721753 0.0045206365175545216 104
1679680937803 0.0045970468781888485 105
1679681153940 0.00420616427436471 106
1679681369823 0.005056002177298069 107
1679681586368 0.0038958166260272264 108
1679681802238 0.0042710332199931145 109
1679682018083 0.0041682180017232895 110
1679682234333 0.003862451994791627 111
1679682450608 0.004280989058315754 112
1679682666580 0.0039044246077537537 113
1679682882457 0.004222731571644545 114
1679683098443 0.0036638029851019382 115
1679683315382 0.003864109283313155 116
1679683531268 0.004237752873450518 117
1679683747228 0.003737704362720251 118
1679683963052 0.0040422347374260426 119
1679684178816 0.003801239188760519 120
1679684394632 0.0037751009222120047 121
1679684610786 0.003936518914997578 122
1679684826887 0.0039733946323394775 123
1679685043666 0.0037272158078849316 124
1679685259660 0.0038527657743543386 125
1679685475647 0.003908746875822544 126
1679685691409 0.003817628137767315 127
