1679657741368 0.05375182256102562 0
1679657981266 0.06347440928220749 1
1679658221345 0.06302347034215927 2
1679658458072 0.06975890696048737 3
1679658694817 0.06944677978754044 4
1679658933319 0.0650789886713028 5
1679659172319 0.06364056468009949 6
1679659411804 0.05690281093120575 7
1679659648689 0.053852781653404236 8
1679659882437 0.05383143946528435 9
1679660120613 0.05043735355138779 10
1679660345218 0.04936281219124794 11
1679660568103 0.04669618234038353 12
1679660789595 0.04723886400461197 13
1679661011072 0.04443759471178055 14
1679661231492 0.04132886603474617 15
1679661451225 0.04253127798438072 16
1679661670865 0.04069329798221588 17
1679661889961 0.04212256148457527 18
1679662107460 0.03899504616856575 19
1679662325710 0.03804197162389755 20
1679662543772 0.039574477821588516 21
1679662780484 0.04173431918025017 22
1679663025060 0.042974844574928284 23
1679663258333 0.03995280712842941 24
1679663477928 0.04011842980980873 25
1679663695549 0.03629426658153534 26
1679663912681 0.038123421370983124 27
1679664129322 0.03911013901233673 28
1679664347408 0.03688998892903328 29
1679664572737 0.037471916526556015 30
1679664789810 0.036281995475292206 31
1679665014619 0.037382666021585464 32
1679665231927 0.036864109337329865 33
1679665448461 0.03633405268192291 34
1679665664765 0.03801357373595238 35
1679665881597 0.03532302752137184 36
1679666098061 0.03415711596608162 37
1679666315144 0.033310417085886 38
1679666531395 0.03428712487220764 39
1679666747778 0.033165667206048965 40
1679666986315 0.03405826911330223 41
1679667203422 0.03450729325413704 42
1679667422059 0.03309812396764755 43
1679667643070 0.033872876316308975 44
1679667859374 0.03265831619501114 45
1679668075884 0.03348645195364952 46
1679668292108 0.03544798493385315 47
1679668512001 0.031140221282839775 48
1679668728649 0.03254861384630203 49
1679668945803 0.03276853635907173 50
1679669163951 0.032026078552007675 51
1679669379961 0.03141400218009949 52
1679669596620 0.03275686129927635 53
1679669812931 0.031651124358177185 54
1679670030906 0.030272599309682846 55
1679670247111 0.03194253519177437 56
1679670463150 0.032268259674310684 57
1679670680053 0.030712394043803215 58
1679670898413 0.0317494198679924 59
1679671115384 0.030146321281790733 60
1679671332882 0.029096094891428947 61
1679671549725 0.032744452357292175 62
1679671765815 0.03322417661547661 63
1679671986036 0.031118430197238922 64
1679672203477 0.03220581263303757 65
1679672420562 0.029646126553416252 66
1679672641178 0.02964668534696102 67
1679672858471 0.030061407014727592 68
1679673092432 0.03164351359009743 69
1679673310994 0.029984278604388237 70
1679673530725 0.028692804276943207 71
1679673748505 0.02989489585161209 72
1679673965786 0.0292405616492033 73
1679674183721 0.031007034704089165 74
1679674401899 0.02838660404086113 75
1679674635867 0.03140479698777199 76
1679674878168 0.030905941501259804 77
1679675096516 0.02809571474790573 78
1679675313058 0.03012501262128353 79
1679675529065 0.029976556077599525 80
1679675748816 0.028486313298344612 81
1679675965081 0.027330372482538223 82
1679676182800 0.028826139867305756 83
1679676398743 0.029138365760445595 84
1679676614871 0.027965277433395386 85
1679676830915 0.03083782084286213 86
1679677046883 0.030112771317362785 87
1679677262974 0.02797836996614933 88
1679677479086 0.030689796432852745 89
1679677694994 0.028884243220090866 90
1679677912072 0.02797294780611992 91
1679678128748 0.027499567717313766 92
1679678344908 0.02735244482755661 93
1679678560726 0.029601378366351128 94
1679678776834 0.02812563255429268 95
1679678993165 0.028831329196691513 96
1679679209015 0.026725085452198982 97
1679679425141 0.027865780517458916 98
1679679641567 0.02935183420777321 99
1679679857475 0.026796774938702583 100
1679680073386 0.028301963582634926 101
1679680289557 0.027387307956814766 102
1679680505512 0.025723673403263092 103
1679680721753 0.028146205469965935 104
1679680937803 0.028853606432676315 105
1679681153940 0.029147712513804436 106
1679681369823 0.028746813535690308 107
1679681586368 0.027244556695222855 108
1679681802238 0.02833537943661213 109
1679682018083 0.026862869039177895 110
1679682234333 0.02850266546010971 111
1679682450608 0.02820664271712303 112
1679682666580 0.02527945302426815 113
1679682882457 0.026129040867090225 114
1679683098443 0.026140911504626274 115
1679683315382 0.02698948048055172 116
1679683531268 0.028384966775774956 117
1679683747228 0.02717261202633381 118
1679683963052 0.02521643228828907 119
1679684178816 0.02651231363415718 120
1679684394632 0.026316463947296143 121
1679684610786 0.028541244566440582 122
1679684826887 0.026656996458768845 123
1679685043666 0.027222268283367157 124
1679685259660 0.027531640604138374 125
1679685475647 0.026969481259584427 126
1679685691409 0.025799600407481194 127
