1679657741368 0.0892 0
1679657981266 0.07748066406250001 1
1679658221345 0.06574121875 2
1679658458072 0.0539816640625 3
1679658694817 0.04220200000000001 4
1679658933319 0.030402226562499995 5
1679659172319 0.018582343750000008 6
1679659411804 0.009458593749999999 7
1679659648689 0.009458593749999999 8
1679659882437 0.00938125 9
1679660120613 0.00930390625 10
1679660345218 0.0092265625 11
1679660568103 0.00914921875 12
1679660789595 0.009071875 13
1679661011072 0.00899453125 14
1679661231492 0.0089171875 15
1679661451225 0.008839843750000001 16
1679661670865 0.0087625 17
1679661889961 0.008685156250000001 18
1679662107460 0.008607812500000001 19
1679662325710 0.00853046875 20
1679662543772 0.008453125 21
1679662780484 0.00837578125 22
1679663025060 0.0082984375 23
1679663258333 0.00822109375 24
1679663477928 0.00814375 25
1679663695549 0.00806640625 26
1679663912681 0.007989062500000001 27
1679664129322 0.00791171875 28
1679664347408 0.007834375000000001 29
1679664572737 0.007757031250000001 30
1679664789810 0.0076796875 31
1679665014619 0.007602343750000001 32
1679665231927 0.007525 33
1679665448461 0.00744765625 34
1679665664765 0.0073703125 35
1679665881597 0.00729296875 36
1679666098061 0.007215625 37
1679666315144 0.0071382812500000005 38
1679666531395 0.0070609374999999995 39
1679666747778 0.00698359375 40
1679666986315 0.006906250000000001 41
1679667203422 0.00682890625 42
1679667422059 0.006751562500000001 43
1679667643070 0.0066742187500000005 44
1679667859374 0.006596875 45
1679668075884 0.00651953125 46
1679668292108 0.0064421875 47
1679668512001 0.00636484375 48
1679668728649 0.0062875000000000006 49
1679668945803 0.0062101562499999995 50
1679669163951 0.0061328125 51
1679669379961 0.006055468750000001 52
1679669596620 0.005978125 53
1679669812931 0.005900781250000001 54
1679670030906 0.0058234375000000005 55
1679670247111 0.0057460937499999995 56
1679670463150 0.00566875 57
1679670680053 0.005591406250000001 58
1679670898413 0.0055140625 59
1679671115384 0.005436718750000001 60
1679671332882 0.0053593749999999996 61
1679671549725 0.00528203125 62
1679671765815 0.0052046875 63
1679671986036 0.00512734375 64
1679672203477 0.00505 65
1679672420562 0.00497265625 66
1679672641178 0.0048953125 67
1679672858471 0.00481796875 68
1679673092432 0.004740625 69
1679673310994 0.00466328125 70
1679673530725 0.004585937500000001 71
1679673748505 0.0045085937500000004 72
1679673965786 0.00443125 73
1679674183721 0.00435390625 74
1679674401899 0.0042765625 75
1679674635867 0.00419921875 76
1679674878168 0.004121875 77
1679675096516 0.00404453125 78
1679675313058 0.0039671875 79
1679675529065 0.00388984375 80
1679675748816 0.0038125 81
1679675965081 0.00373515625 82
1679676182800 0.0036578125 83
1679676398743 0.00358046875 84
1679676614871 0.003503125 85
1679676830915 0.00342578125 86
1679677046883 0.0033484375 87
1679677262974 0.0032710937499999997 88
1679677479086 0.0031937500000000004 89
1679677694994 0.0031164062500000003 90
1679677912072 0.0030390625 91
1679678128748 0.0029617187500000004 92
1679678344908 0.0028843750000000002 93
1679678560726 0.00280703125 94
1679678776834 0.0027296875 95
1679678993165 0.00265234375 96
1679679209015 0.002575 97
1679679425141 0.0024976562500000003 98
1679679641567 0.0024203125 99
1679679857475 0.00234296875 100
1679680073386 0.002265625 101
1679680289557 0.00218828125 102
1679680505512 0.0021109375 103
1679680721753 0.0020335937500000002 104
1679680937803 0.00195625 105
1679681153940 0.0018789062500000002 106
1679681369823 0.0018015625000000002 107
1679681586368 0.00172421875 108
1679681802238 0.0016468750000000001 109
1679682018083 0.00156953125 110
1679682234333 0.0014921875000000002 111
1679682450608 0.00141484375 112
1679682666580 0.0013375000000000001 113
1679682882457 0.00126015625 114
1679683098443 0.0011828124999999998 115
1679683315382 0.00110546875 116
1679683531268 0.001028125 117
1679683747228 0.00095078125 118
1679683963052 0.0008734375 119
1679684178816 0.0007960937499999999 120
1679684394632 0.00071875 121
1679684610786 0.0006414062499999999 122
1679684826887 0.0005640625 123
1679685043666 0.00048671875000000006 124
1679685259660 0.000409375 125
1679685475647 0.00033203125 126
1679685691409 0.0002546875 127
