1679900183662 0.00021094827619679121 0
1679900434467 7.115538720961472e-05 1
1679900686750 0.0008100097582744441 2
1679900939921 0.00026500796374451664 3
1679901194504 0.0015570217710325401 4
1679901438237 0.04630747318125727 5
1679901675329 0.03376734110813515 6
1679901907637 0.079332180255954 7
1679902137260 0.11766271383441218 8
1679902368226 0.05468470829640711 9
1679902595690 0.1463482443459918 10
1679902820274 0.1837438010272908 11
1679903044213 0.14063115215784897 12
1679903267918 0.11783365753325122 13
1679903489016 0.23172449248226754 14
1679903710368 0.2610100146967816 15
1679903931417 0.16656559655618514 16
1679904151997 0.20909288447560134 17
1679904371784 0.23672477179319537 18
1679904594443 0.22630770922374857 19
1679904815213 0.23752305147781935 20
1679905036142 0.3410475889810795 21
1679905256730 0.27036445087548355 22
1679905476085 0.30963935965082023 23
1679905695954 0.43039112781068045 24
1679905916719 0.43085553970788387 25
1679906136766 0.44314748251766795 26
1679906356510 0.48438080598749494 27
1679906576101 0.4810029023000609 28
1679906797312 0.4506370094857002 29
1679907016153 0.5050756138211353 30
1679907235747 0.4894022854335464 31
1679907455906 0.37576997622394526 32
1679907675622 0.2975309713325787 33
1679907895353 0.4999778957550582 34
1679908114327 0.47795295541902677 35
1679908333086 0.42539579391489424 36
1679908553442 0.5233301308276088 37
1679908772836 0.6006905727630051 38
1679908992370 0.4748750717202641 39
1679909211629 0.46369196447489935 40
1679909430504 0.4978486946710127 41
1679909649753 0.5284072837383992 42
1679909869058 0.44265439856784056 43
1679910088510 0.5197066362679357 44
1679910308956 0.5211757680734489 45
1679910527682 0.6308799938368169 46
1679910746956 0.5097793354670138 47
1679910966009 0.5961297674854572 48
1679911184629 0.5613477471316809 49
1679911403626 0.6144538559205239 50
1679911623348 0.6113796964152034 51
1679911842475 0.5837919859466266 52
1679912062345 0.6526963413352761 53
1679912281607 0.6301072482627489 54
1679912501855 0.6023696768622678 55
1679912720543 0.6262584494794883 56
1679912939969 0.6440408614249485 57
1679913159761 0.40110482270749176 58
1679913378483 0.6447619457392811 59
1679913598373 0.660413341167421 60
1679913817133 0.547776758372632 61
1679914037813 0.6488153315495176 62
1679914256676 0.6353619121643858 63
1679914475535 0.6900937768377539 64
1679914695376 0.5976842837424042 65
1679914914591 0.6611555046475114 66
1679915134144 0.654428636065193 67
1679915352741 0.6817798856669078 68
1679915571554 0.7048312038726344 69
1679915791254 0.6727917069085141 70
1679916010766 0.680966633957448 71
1679916229658 0.6602815877761589 72
1679916448935 0.6788070220999821 73
1679916667460 0.6964033866875804 74
1679916887013 0.6998314925918625 75
1679917106368 0.7087586900123659 76
1679917325601 0.6673172361296626 77
1679917545534 0.68428821337451 78
1679917764254 0.6781332042835518 79
1679917983836 0.6881347888958431 80
1679918202912 0.6859821842940752 81
1679918421605 0.6673472567367938 82
1679918640814 0.7014549802799492 83
1679918860012 0.7116141371689775 84
1679919080002 0.7002895646731311 85
1679919300068 0.7166297362118913 86
1679919519954 0.7339598032810611 87
1679919739247 0.710787545275719 88
1679919958316 0.6393516768561721 89
1679920177614 0.7171578545651669 90
1679920397561 0.7279105923070449 91
1679920616528 0.742084661722739 92
1679920836164 0.7232789143057968 93
1679921056478 0.7419137233687326 94
1679921275971 0.7038753260647911 95
1679921495424 0.7498534094160424 96
1679921714902 0.7238193077041982 97
1679921933815 0.7462278443091886 98
1679922153938 0.7531921556766394 99
1679922373547 0.7384119394411847 100
1679922593817 0.721317654133849 101
1679922813031 0.7382515803784585 102
1679923033033 0.7429394774397661 103
1679923252485 0.7130109501818712 104
1679923472118 0.7396882234762417 105
1679923691777 0.7245731254148303 106
1679923911315 0.7451109360048589 107
1679924130106 0.7221391427968588 108
1679924349577 0.7516799091588537 109
1679924569048 0.7544513953844457 110
1679924789290 0.7561677848484614 111
1679925009091 0.7573269454545496 112
1679925228254 0.7583631776573702 113
1679925447780 0.7642956617919258 114
1679925668065 0.7525267733323103 115
1679925887318 0.734262884619732 116
1679926106673 0.7663899774973002 117
1679926326111 0.7677834848409182 118
1679926547441 0.7704479940218057 119
1679926767065 0.7542018694314171 120
1679926986701 0.7622363764049541 121
1679927206110 0.772240958453442 122
1679927426522 0.7791873021204564 123
1679927647659 0.7755401448929066 124
1679927867524 0.7859772699436971 125
1679928086848 0.7456838969821353 126
1679928306488 0.7814776369670362 127
1679928525443 0.7776949030313233 128
1679928745512 0.7702249057388992 129
