1679900183662 0.0017970544369245028 0
1679900434467 0.0003682050453071818 1
1679900686750 0.004152439666722964 2
1679900939921 0.6709460560684996 3
1679901194504 0.34497996417392945 4
1679901438237 0.801741524467241 5
1679901675329 0.13868507099069113 6
1679901907637 0.14590240578559774 7
1679902137260 0.31034374956921446 8
1679902368226 0.15987007787793905 9
1679902595690 0.3578395712597444 10
1679902820274 0.33691274633583257 11
1679903044213 0.29949086628168736 12
1679903267918 0.26149197899494286 13
1679903489016 0.4232156939960245 14
1679903710368 0.44933012985483406 15
1679903931417 0.3664024693511115 16
1679904151997 0.4045707446271778 17
1679904371784 0.4495718821981491 18
1679904594443 0.4710822430979391 19
1679904815213 0.4871202866673771 20
1679905036142 0.5133228038001211 21
1679905256730 0.5103053677307808 22
1679905476085 0.6576416698864956 23
1679905695954 0.6443523657284499 24
1679905916719 0.765504446057205 25
1679906136766 0.7909846749494472 26
1679906356510 0.6619826780731198 27
1679906576101 0.8601813146247359 28
1679906797312 0.8099243460661287 29
1679907016153 0.8957554646730851 30
1679907235747 0.8842137167924901 31
1679907455906 0.8404884090153368 32
1679907675622 0.7440111168557428 33
1679907895353 0.866627776468407 34
1679908114327 0.9028396685157043 35
1679908333086 0.8835476871770652 36
1679908553442 0.8759728082244039 37
1679908772836 0.8988084489880696 38
1679908992370 0.8895841436053686 39
1679909211629 0.898870313394151 40
1679909430504 0.8881912497640635 41
1679909649753 0.8928186339682598 42
1679909869058 0.9074324743709129 43
1679910088510 0.9225145147969768 44
1679910308956 0.9005293516198645 45
1679910527682 0.911096428548125 46
1679910746956 0.9126877136125024 47
1679910966009 0.9260305316824913 48
1679911184629 0.9298047797473753 49
1679911403626 0.9209759086310996 50
1679911623348 0.9139699827700691 51
1679911842475 0.9349483245594371 52
1679912062345 0.9329649578779803 53
1679912281607 0.8998281543653411 54
1679912501855 0.9191840276025544 55
1679912720543 0.9335817119114539 56
1679912939969 0.9280305200027975 57
1679913159761 0.7315494851415342 58
1679913378483 0.9447484543090431 59
1679913598373 0.9407587002054266 60
1679913817133 0.8141994556649927 61
1679914037813 0.9357372781229945 62
1679914256676 0.9335111528840924 63
1679914475535 0.9493197899665452 64
1679914695376 0.8476726746110584 65
1679914914591 0.9376277461368697 66
1679915134144 0.9481765176099327 67
1679915352741 0.9493125485573044 68
1679915571554 0.944213124217406 69
1679915791254 0.946703259665569 70
1679916010766 0.9483688026352682 71
1679916229658 0.9577360641602605 72
1679916448935 0.949226694627528 73
1679916667460 0.9471602486857232 74
1679916887013 0.9493333035749463 75
1679917106368 0.9545227931000538 76
1679917325601 0.9549314375389586 77
1679917545534 0.9494702464597911 78
1679917764254 0.9479265021195807 79
1679917983836 0.9440226233959909 80
1679918202912 0.9453708993990272 81
1679918421605 0.9455725251178345 82
1679918640814 0.9505973236156948 83
1679918860012 0.9381239082750188 84
1679919080002 0.9445095381322587 85
1679919300068 0.9589769584696977 86
1679919519954 0.9524765208823479 87
1679919739247 0.9416493158266156 88
1679919958316 0.9255489286346342 89
1679920177614 0.9526912894614202 90
1679920397561 0.9571521816183718 91
1679920616528 0.9502402751485909 92
1679920836164 0.9537183070822537 93
1679921056478 0.942771811869325 94
1679921275971 0.9531065828033073 95
1679921495424 0.9631895970495901 96
1679921714902 0.961012066796669 97
1679921933815 0.9531258298650348 98
1679922153938 0.9616392626329874 99
1679922373547 0.963556247359883 100
1679922593817 0.9608447545772094 101
1679922813031 0.9501898965570019 102
1679923033033 0.9504260903166912 103
1679923252485 0.950790068124788 104
1679923472118 0.9535285485081193 105
1679923691777 0.9542617173571362 106
1679923911315 0.9563227618430004 107
1679924130106 0.9446489816103162 108
1679924349577 0.9694641283842337 109
1679924569048 0.9617437634819866 110
1679924789290 0.9456793097417676 111
1679925009091 0.9524834428030777 112
1679925228254 0.9569269549665305 113
1679925447780 0.9527185356163734 114
1679925668065 0.9597206518082745 115
1679925887318 0.9576722809774617 116
1679926106673 0.9564171931767517 117
1679926326111 0.9622161062501258 118
1679926547441 0.9626150512947232 119
1679926767065 0.954637959707661 120
1679926986701 0.9587872885635985 121
1679927206110 0.9539554972969144 122
1679927426522 0.9524702850724204 123
1679927647659 0.9591802355466011 124
1679927867524 0.9564891498471564 125
1679928086848 0.9526923809117575 126
1679928306488 0.9541544839378101 127
1679928525443 0.9615110655930711 128
1679928745512 0.9594746183642533 129
