1679900183662 0.05349232716342351 0
1679900434467 0.034863945578231297 1
1679900686750 0.03654485049833887 2
1679900939921 0.0027685492801771874 3
1679901194504 0.022702104097452935 4
1679901438237 0.1150603009120834 5
1679901675329 0.296545399855366 6
1679901907637 0.4292365108083744 7
1679902137260 0.47902745906549643 8
1679902368226 0.5463523368837407 9
1679902595690 0.4778265394680002 10
1679902820274 0.5921067977078304 11
1679903044213 0.6311585971793763 12
1679903267918 0.610947644365892 13
1679903489016 0.7132612453393943 14
1679903710368 0.7128937096218833 15
1679903931417 0.6999807049601535 16
1679904151997 0.6690710323572215 17
1679904371784 0.732688146385895 18
1679904594443 0.5621117914532655 19
1679904815213 0.59930232408042 20
1679905036142 0.739647659513918 21
1679905256730 0.7362265236176991 22
1679905476085 0.7446428203126922 23
1679905695954 0.7337884749747395 24
1679905916719 0.7460904000371792 25
1679906136766 0.7426488615239513 26
1679906356510 0.803389585391546 27
1679906576101 0.7625688990718148 28
1679906797312 0.7509603229941488 29
1679907016153 0.789247122114411 30
1679907235747 0.8140137200607116 31
1679907455906 0.7617501609687426 32
1679907675622 0.576341312956716 33
1679907895353 0.8613970334767894 34
1679908114327 0.8682005993397616 35
1679908333086 0.8723398089460418 36
1679908553442 0.8602929674562655 37
1679908772836 0.899680108310223 38
1679908992370 0.8852893923616466 39
1679909211629 0.8844337612871539 40
1679909430504 0.8859771760758249 41
1679909649753 0.8699776948577518 42
1679909869058 0.8699842952185627 43
1679910088510 0.9008293477712459 44
1679910308956 0.8991798895101928 45
1679910527682 0.9170457122651993 46
1679910746956 0.9104390704577873 47
1679910966009 0.9033755662805257 48
1679911184629 0.902360020706173 49
1679911403626 0.9195033841004815 50
1679911623348 0.9153908750296819 51
1679911842475 0.9175600091790576 52
1679912062345 0.9083492131298909 53
1679912281607 0.9312263171315944 54
1679912501855 0.9151751473282487 55
1679912720543 0.9281361824836173 56
1679912939969 0.9299337184896306 57
1679913159761 0.684609764697888 58
1679913378483 0.921566995509338 59
1679913598373 0.9185197154523678 60
1679913817133 0.8185123261607719 61
1679914037813 0.9237933392697443 62
1679914256676 0.9246280002728943 63
1679914475535 0.8994132911979497 64
1679914695376 0.8797940561597158 65
1679914914591 0.93264971529342 66
1679915134144 0.9229052275961953 67
1679915352741 0.9289972820093304 68
1679915571554 0.9299428305435423 69
1679915791254 0.9365038887589016 70
1679916010766 0.9364401486805193 71
1679916229658 0.9341908246470679 72
1679916448935 0.9457628126377481 73
1679916667460 0.9358072722088636 74
1679916887013 0.9330394481251716 75
1679917106368 0.9362304816346668 76
1679917325601 0.9398580505018459 77
1679917545534 0.9363947684044246 78
1679917764254 0.9491675600128242 79
1679917983836 0.9466802402410965 80
1679918202912 0.9540150935702737 81
1679918421605 0.9525541675122534 82
1679918640814 0.9487867826721837 83
1679918860012 0.9432336700621734 84
1679919080002 0.9313821300900766 85
1679919300068 0.9408792023936355 86
1679919519954 0.9450521018609995 87
1679919739247 0.9459027421921506 88
1679919958316 0.884205144923686 89
1679920177614 0.9467313970963779 90
1679920397561 0.9588017035167319 91
1679920616528 0.9515197072210081 92
1679920836164 0.9481730525962394 93
1679921056478 0.9535586624467783 94
1679921275971 0.9582208975773631 95
1679921495424 0.9476640151580007 96
1679921714902 0.9419163752538505 97
1679921933815 0.9540079424951892 98
1679922153938 0.9468284219140939 99
1679922373547 0.948686220897298 100
1679922593817 0.9487487608282364 101
1679922813031 0.9562360069833232 102
1679923033033 0.9608230187655372 103
1679923252485 0.955985469956925 104
1679923472118 0.9575603699617673 105
1679923691777 0.9595659828021267 106
1679923911315 0.9562818900886766 107
1679924130106 0.956678358593131 108
1679924349577 0.9440651354315169 109
1679924569048 0.9505057395547394 110
1679924789290 0.9549337449254606 111
1679925009091 0.954974116793529 112
1679925228254 0.9580809315293591 113
1679925447780 0.958381289500046 114
1679925668065 0.9510331748492132 115
1679925887318 0.9564573749695308 116
1679926106673 0.9599198852300764 117
1679926326111 0.9601656524923995 118
1679926547441 0.9563018618574906 119
1679926767065 0.9496436636857468 120
1679926986701 0.955124702637104 121
1679927206110 0.9649038585506249 122
1679927426522 0.9603503842179828 123
1679927647659 0.9553949111527582 124
1679927867524 0.9605754647413342 125
1679928086848 0.9677280731738637 126
1679928306488 0.9692636946100825 127
1679928525443 0.9671695234233383 128
1679928745512 0.9658244785277766 129
