1679740750627 0.00021094827619679121 0
1679741001533 7.562240988183458e-05 1
1679741251664 0.004512331622561212 2
1679741499079 0.005117677987862096 3
1679741750500 0.004505849526176278 4
1679741998300 0.03132482208854691 5
1679742251474 0.021770013440392158 6
1679742494921 0.027366381915775673 7
1679742722347 0.06845444808574874 8
1679742952520 0.13940351038696944 9
1679743178261 0.14648428355173218 10
1679743412354 0.18579245793340146 11
1679743634578 0.22141791565516308 12
1679743856943 0.15142995527337183 13
1679744077126 0.2513477442847056 14
1679744297840 0.2687435333338691 15
1679744518942 0.2558431905201748 16
1679744739794 0.2895740392563297 17
1679744959327 0.3052801686323154 18
1679745179384 0.2674488752087052 19
1679745400358 0.26824313940757794 20
1679745620438 0.4078781733087859 21
1679745840733 0.3766573332418031 22
1679746059857 0.3759350743015095 23
1679746279433 0.4942605502829675 24
1679746499509 0.3594373604742551 25
1679746718890 0.48360263913874607 26
1679746938486 0.5329687110652462 27
1679747158563 0.4300822548112701 28
1679747378201 0.5012686764445949 29
1679747597911 0.5059375902546468 30
1679747817051 0.5363710272051914 31
1679748036290 0.5496292207630122 32
1679748256479 0.5128933936967379 33
1679748475890 0.5391515326943553 34
1679748695388 0.5201969187414615 35
1679748914408 0.5733007049061621 36
1679749132973 0.5768150339744799 37
1679749352040 0.5646849925463994 38
1679749571571 0.5718882662007699 39
1679749789857 0.602355302692716 40
1679750009728 0.578787247040912 41
1679750228296 0.6478960072382781 42
1679750447753 0.6004565970051963 43
1679750667367 0.5966024001205507 44
1679750886787 0.583031883140788 45
1679751106088 0.6366919691137863 46
1679751324570 0.6128145526106678 47
1679751543744 0.5159743508596256 48
1679751770895 0.6417280737904195 49
1679751990112 0.6279632105752452 50
1679752208789 0.6186033808167896 51
1679752427514 0.5957100242424201 52
1679752645761 0.6530875944312758 53
1679752864232 0.6665031165763707 54
1679753083604 0.6305162702600449 55
1679753302197 0.6636221634468662 56
1679753520336 0.645712272146886 57
1679753739642 0.6443994290686532 58
1679753958506 0.6587936731731513 59
1679754177368 0.6638594068672573 60
1679754395678 0.691274667682074 61
1679754614496 0.691990970206957 62
1679754833359 0.6968382157712781 63
1679755052588 0.6634578350893315 64
1679755271637 0.6394992519590743 65
1679755491102 0.6741590105325166 66
1679755710188 0.6807889742417568 67
1679755929651 0.6957861250924463 68
1679756148618 0.7102136132349331 69
1679756369954 0.6963592432216927 70
1679756589575 0.7177491034812812 71
1679756809405 0.6988025484333601 72
1679757028430 0.7122142886908907 73
1679757248577 0.7296162532114129 74
1679757468597 0.7266461398063035 75
1679757688474 0.7411649224699307 76
1679757908822 0.7123495971830739 77
1679758127523 0.732047902007729 78
1679758346229 0.7360956028089195 79
1679758565977 0.7217763496038417 80
1679758785022 0.7005782772008958 81
1679759005873 0.7020394317066238 82
1679759225099 0.7091304693448227 83
1679759445175 0.7347193139705226 84
1679759665298 0.7496204246936179 85
1679759884391 0.737923791926017 86
1679760104281 0.7607859586705789 87
1679760323712 0.7388019103885322 88
1679760543430 0.7474921665856379 89
1679760763963 0.7371715923026668 90
1679760983863 0.7541724778593757 91
1679761203693 0.760918757023597 92
1679761423874 0.74614385526759 93
1679761643548 0.7561237365227441 94
1679761862899 0.7628812007419937 95
1679762083180 0.7687712892364186 96
1679762302904 0.7649601246376139 97
1679762522709 0.7724334708137 98
1679762743399 0.7691653641863923 99
1679762962685 0.7702171146632715 100
1679763181660 0.7725999403795529 101
1679763402058 0.7628285964014782 102
1679763622356 0.780810133738289 103
1679763842130 0.762960217710833 104
1679764061773 0.7733651463010149 105
1679764281138 0.7705147227736667 106
1679764501715 0.7752291062731261 107
1679764721263 0.7718622107870458 108
1679764940490 0.7759320869835346 109
1679765159428 0.776580057390753 110
1679765379087 0.7861571644025162 111
1679765598615 0.7822502330022791 112
1679765817456 0.7846073596183207 113
1679766036806 0.7874307971712108 114
1679766257033 0.7917074958539408 115
1679766476543 0.7845652784954545 116
1679766695557 0.7858085877980798 117
1679766914967 0.7884581796601488 118
1679767134957 0.7853789518057205 119
1679767354809 0.7855595294377782 120
1679767576101 0.7900377709186502 121
1679767797028 0.7877826463036947 122
1679768018826 0.7881977136220125 123
1679768240000 0.7925449828051415 124
1679768462706 0.7955866384660539 125
1679768684576 0.7944204687330099 126
1679768905676 0.7957337308607779 127
