1679740750627 0.0017970544369245028 0
1679741001533 0.00042397344302518583 1
1679741251664 0.7105457162104837 2
1679741499079 0.6970835777740737 3
1679741750500 0.359174895295993 4
1679741998300 0.2269839861028169 5
1679742251474 0.12614641906876276 6
1679742494921 0.13232501940425875 7
1679742722347 0.16765456672125997 8
1679742952520 0.2838283804298919 9
1679743178261 0.28335520968045697 10
1679743412354 0.40620129992548826 11
1679743634578 0.42369924296893496 12
1679743856943 0.42065594955567454 13
1679744077126 0.5473705588816459 14
1679744297840 0.6271325575231346 15
1679744518942 0.6710132303436391 16
1679744739794 0.6978250726661993 17
1679744959327 0.6760771702908626 18
1679745179384 0.6912252002563033 19
1679745400358 0.3938178541649224 20
1679745620438 0.7222811000901753 21
1679745840733 0.8319615534788802 22
1679746059857 0.6968270633644292 23
1679746279433 0.8842559464434118 24
1679746499509 0.8672986258202057 25
1679746718890 0.840018917445915 26
1679746938486 0.8653874312781191 27
1679747158563 0.6669895485022718 28
1679747378201 0.876090296987317 29
1679747597911 0.7921076636607509 30
1679747817051 0.8517262609098623 31
1679748036290 0.9127077842412512 32
1679748256479 0.9169993655111305 33
1679748475890 0.7959436628743134 34
1679748695388 0.9077635009402613 35
1679748914408 0.9167376689594837 36
1679749132973 0.9123206026418439 37
1679749352040 0.9098821766528156 38
1679749571571 0.9096676104740834 39
1679749789857 0.9229448118066806 40
1679750009728 0.9122119926791843 41
1679750228296 0.9145776468887318 42
1679750447753 0.9296770905272006 43
1679750667367 0.9291695961733618 44
1679750886787 0.9158736961985139 45
1679751106088 0.9247085961200393 46
1679751324570 0.9226394727363735 47
1679751543744 0.9273155083988174 48
1679751770895 0.9329125449495669 49
1679751990112 0.9474691097160953 50
1679752208789 0.9403626772597645 51
1679752427514 0.9265141062839461 52
1679752645761 0.9376878993571268 53
1679752864232 0.9210854758519332 54
1679753083604 0.9347431718314433 55
1679753302197 0.9430709529602302 56
1679753520336 0.9321771144005521 57
1679753739642 0.9354737135930077 58
1679753958506 0.944239172462732 59
1679754177368 0.9473948724835553 60
1679754395678 0.9331893223830572 61
1679754614496 0.9453826512858122 62
1679754833359 0.9252138469695019 63
1679755052588 0.9334814903705929 64
1679755271637 0.9305499193007005 65
1679755491102 0.9434103940733021 66
1679755710188 0.9440583203064216 67
1679755929651 0.9529899394356734 68
1679756148618 0.9423781133045619 69
1679756369954 0.9408955371506051 70
1679756589575 0.9480941687701958 71
1679756809405 0.9519867717682313 72
1679757028430 0.9481417477118197 73
1679757248577 0.9525741354045983 74
1679757468597 0.9435558556235558 75
1679757688474 0.9352633145905171 76
1679757908822 0.9593517710163332 77
1679758127523 0.9487418832642346 78
1679758346229 0.9594916160840358 79
1679758565977 0.9520969553969806 80
1679758785022 0.9511799650082708 81
1679759005873 0.9450220904355419 82
1679759225099 0.9409241989505137 83
1679759445175 0.9473295457051577 84
1679759665298 0.9511391682321079 85
1679759884391 0.9614027448402952 86
1679760104281 0.9537824200383492 87
1679760323712 0.9416487377822417 88
1679760543430 0.949440723496146 89
1679760763963 0.944317951994413 90
1679760983863 0.9490813309417515 91
1679761203693 0.9517812543170505 92
1679761423874 0.9554275366034201 93
1679761643548 0.9536772357071891 94
1679761862899 0.9564491916653765 95
1679762083180 0.9507376726318509 96
1679762302904 0.9539103082634645 97
1679762522709 0.953460764032548 98
1679762743399 0.9514055480628775 99
1679762962685 0.9537152570125839 100
1679763181660 0.9541070529781918 101
1679763402058 0.9512559113664082 102
1679763622356 0.9550446708875712 103
1679763842130 0.9521436315668611 104
1679764061773 0.9552950021209622 105
1679764281138 0.945324940637808 106
1679764501715 0.9579825083605319 107
1679764721263 0.9591519649378316 108
1679764940490 0.9493114119532233 109
1679765159428 0.9488659586370519 110
1679765379087 0.9557302581004713 111
1679765598615 0.9508341043925624 112
1679765817456 0.9522970429723995 113
1679766036806 0.9524413045173598 114
1679766257033 0.9509552341726485 115
1679766476543 0.9548657058949765 116
1679766695557 0.9576711050207058 117
1679766914967 0.9556272148949493 118
1679767134957 0.9516710927349212 119
1679767354809 0.9527438538125604 120
1679767576101 0.9537614801131337 121
1679767797028 0.9532088892137841 122
1679768018826 0.9503494578891091 123
1679768240000 0.9495766949381726 124
1679768462706 0.9541889359152017 125
1679768684576 0.9549411235630828 126
1679768905676 0.9506604482030346 127
