1679740750627 0.05349232716342351 0
1679741001533 0.03996598639455782 1
1679741251664 0.04263565891472868 2
1679741499079 0.0636766334440753 3
1679741750500 0.05813953488372093 4
1679741998300 0.13888199690979167 5
1679742251474 0.20937118283172232 6
1679742494921 0.12803936278187192 7
1679742722347 0.5181245791639987 8
1679742952520 0.5830475851255731 9
1679743178261 0.5396032381444701 10
1679743412354 0.5065032014306098 11
1679743634578 0.6084334333883591 12
1679743856943 0.5444646725907166 13
1679744077126 0.6454390833602758 14
1679744297840 0.5642812018299258 15
1679744518942 0.5773492817982406 16
1679744739794 0.6234979398667208 17
1679744959327 0.6303861754754415 18
1679745179384 0.6530212994506837 19
1679745400358 0.7744471471986434 20
1679745620438 0.7113722247428207 21
1679745840733 0.7024771016789962 22
1679746059857 0.7364811988271458 23
1679746279433 0.8040050970875031 24
1679746499509 0.8030925504975546 25
1679746718890 0.7813140259854879 26
1679746938486 0.8194084659661817 27
1679747158563 0.7554349947030575 28
1679747378201 0.8426815008429432 29
1679747597911 0.8141828321311855 30
1679747817051 0.8596216433806453 31
1679748036290 0.8503994201886469 32
1679748256479 0.8777683945845128 33
1679748475890 0.831686387418273 34
1679748695388 0.8678748768645601 35
1679748914408 0.8840609564505547 36
1679749132973 0.8762796178081943 37
1679749352040 0.85227937420003 38
1679749571571 0.8967908602370539 39
1679749789857 0.8897134366023868 40
1679750009728 0.9046937977354629 41
1679750228296 0.9035909806561154 42
1679750447753 0.9093738255479157 43
1679750667367 0.8995194154041731 44
1679750886787 0.9151922209243787 45
1679751106088 0.9041848073773845 46
1679751324570 0.8988029570417814 47
1679751543744 0.9166190482194377 48
1679751770895 0.9088391411568169 49
1679751990112 0.8982016971081652 50
1679752208789 0.9025458352137203 51
1679752427514 0.9210447996209067 52
1679752645761 0.9011439998230006 53
1679752864232 0.935814199229016 54
1679753083604 0.9196449772707282 55
1679753302197 0.9356587031114939 56
1679753520336 0.9298010375064893 57
1679753739642 0.9323224708165124 58
1679753958506 0.9194457227752316 59
1679754177368 0.9291981574156615 60
1679754395678 0.9351641256652697 61
1679754614496 0.9348579058197188 62
1679754833359 0.9378928240463478 63
1679755052588 0.9429225173454189 64
1679755271637 0.9405779907082201 65
1679755491102 0.9278217150954274 66
1679755710188 0.9382973360319662 67
1679755929651 0.9299905210406973 68
1679756148618 0.938675973398059 69
1679756369954 0.9332133205490064 70
1679756589575 0.9275629316387315 71
1679756809405 0.9381205195089155 72
1679757028430 0.9349744463641464 73
1679757248577 0.9362960709729752 74
1679757468597 0.9361217963557366 75
1679757688474 0.9525244831616068 76
1679757908822 0.9285145050894031 77
1679758127523 0.9388624036053201 78
1679758346229 0.9433673665110712 79
1679758565977 0.9471460386722298 80
1679758785022 0.9446392729702636 81
1679759005873 0.9501336505766518 82
1679759225099 0.9485505379946426 83
1679759445175 0.9497129327992853 84
1679759665298 0.9471207917899527 85
1679759884391 0.9404242613578803 86
1679760104281 0.9417935949583881 87
1679760323712 0.9504528730683065 88
1679760543430 0.9545355144987502 89
1679760763963 0.9534599714081362 90
1679760983863 0.9556271012145575 91
1679761203693 0.9507029157390438 92
1679761423874 0.9507355412664862 93
1679761643548 0.9509805532952534 94
1679761862899 0.9507586455513511 95
1679762083180 0.950964420973362 96
1679762302904 0.9462781736850779 97
1679762522709 0.9485827136480681 98
1679762743399 0.9528524545120384 99
1679762962685 0.9558281677262053 100
1679763181660 0.9570549506342202 101
1679763402058 0.9583904646729833 102
1679763622356 0.9561454739435159 103
1679763842130 0.9536957440392747 104
1679764061773 0.9527734589843767 105
1679764281138 0.9599439091348584 106
1679764501715 0.948733603630974 107
1679764721263 0.9478944727745656 108
1679764940490 0.9614226524118695 109
1679765159428 0.9607781631595641 110
1679765379087 0.9500635015276714 111
1679765598615 0.9600889737108158 112
1679765817456 0.9572495769140451 113
1679766036806 0.9626931803400934 114
1679766257033 0.9635488402625983 115
1679766476543 0.9629845454480442 116
1679766695557 0.9537226773128027 117
1679766914967 0.9592059063839319 118
1679767134957 0.9606246439310491 119
1679767354809 0.9554635774957961 120
1679767576101 0.9566994839946482 121
1679767797028 0.9565485665442912 122
1679768018826 0.9571795347697609 123
1679768240000 0.958814546073493 124
1679768462706 0.9593098432848347 125
1679768684576 0.961235659445534 126
1679768905676 0.9650030304695022 127
