1679900183662 0.110936239361763 0
1679900434467 0.10145651549100876 1
1679900686750 0.09653271734714508 2
1679900939921 0.09092630445957184 3
1679901194504 0.08713117986917496 4
1679901438237 0.08294527977705002 5
1679901675329 0.07827837765216827 6
1679901907637 0.0756785124540329 7
1679902137260 0.07604784518480301 8
1679902368226 0.07057119905948639 9
1679902595690 0.070930115878582 10
1679902820274 0.06621610373258591 11
1679903044213 0.06537481397390366 12
1679903267918 0.06325055658817291 13
1679903489016 0.06415747106075287 14
1679903710368 0.062389105558395386 15
1679903931417 0.0626152828335762 16
1679904151997 0.061049193143844604 17
1679904371784 0.06066269800066948 18
1679904594443 0.058323126286268234 19
1679904815213 0.05706242471933365 20
1679905036142 0.05604887381196022 21
1679905256730 0.05533343553543091 22
1679905476085 0.05590106174349785 23
1679905695954 0.05577521398663521 24
1679905916719 0.055479586124420166 25
1679906136766 0.0533878467977047 26
1679906356510 0.05312119051814079 27
1679906576101 0.05179024860262871 28
1679906797312 0.04969800263643265 29
1679907016153 0.05173175781965256 30
1679907235747 0.05187332257628441 31
1679907455906 0.051853641867637634 32
1679907675622 0.05167398229241371 33
1679907895353 0.05029013752937317 34
1679908114327 0.049967844039201736 35
1679908333086 0.04962947592139244 36
1679908553442 0.04777316004037857 37
1679908772836 0.04772377386689186 38
1679908992370 0.0467856228351593 39
1679909211629 0.04859686270356178 40
1679909430504 0.04848833009600639 41
1679909649753 0.04774472117424011 42
1679909869058 0.04671776667237282 43
1679910088510 0.04562761262059212 44
1679910308956 0.0447213388979435 45
1679910527682 0.04491785913705826 46
1679910746956 0.045152731239795685 47
1679910966009 0.0458809956908226 48
1679911184629 0.04497726634144783 49
1679911403626 0.04564453288912773 50
1679911623348 0.043341901153326035 51
1679911842475 0.043630123138427734 52
1679912062345 0.04074249044060707 53
1679912281607 0.04065149277448654 54
1679912501855 0.04193936660885811 55
1679912720543 0.042620282620191574 56
1679912939969 0.04347230866551399 57
1679913159761 0.041630618274211884 58
1679913378483 0.040779728442430496 59
1679913598373 0.04044581204652786 60
1679913817133 0.04003032296895981 61
1679914037813 0.04085442051291466 62
1679914256676 0.0401541106402874 63
1679914475535 0.0398218035697937 64
1679914695376 0.039405182003974915 65
1679914914591 0.039499782025814056 66
1679915134144 0.039260342717170715 67
1679915352741 0.0369577556848526 68
1679915571554 0.03708704560995102 69
1679915791254 0.038746923208236694 70
1679916010766 0.039408668875694275 71
1679916229658 0.03940197825431824 72
1679916448935 0.03898222744464874 73
1679916667460 0.03837685286998749 74
1679916887013 0.03895590826869011 75
1679917106368 0.03772041201591492 76
1679917325601 0.037659674882888794 77
1679917545534 0.03688425570726395 78
1679917764254 0.0376870259642601 79
1679917983836 0.0382283553481102 80
1679918202912 0.037304509431123734 81
1679918421605 0.037797119468450546 82
1679918640814 0.0366457924246788 83
1679918860012 0.03485195338726044 84
1679919080002 0.0363023541867733 85
1679919300068 0.03606272116303444 86
1679919519954 0.03682679682970047 87
1679919739247 0.03589269518852234 88
1679919958316 0.03582132235169411 89
1679920177614 0.036645323038101196 90
1679920397561 0.03611200302839279 91
1679920616528 0.03564414381980896 92
1679920836164 0.03474130854010582 93
1679921056478 0.0334370993077755 94
1679921275971 0.0352555550634861 95
1679921495424 0.03569215163588524 96
1679921714902 0.03373780846595764 97
1679921933815 0.034746792167425156 98
1679922153938 0.03425466641783714 99
1679922373547 0.0349113829433918 100
1679922593817 0.033652931451797485 101
1679922813031 0.03476625680923462 102
1679923033033 0.033779408782720566 103
1679923252485 0.03442077338695526 104
1679923472118 0.03514545410871506 105
1679923691777 0.034250613301992416 106
1679923911315 0.0339856818318367 107
1679924130106 0.03264801204204559 108
1679924349577 0.03370829299092293 109
1679924569048 0.03342491015791893 110
1679924789290 0.03359752148389816 111
1679925009091 0.03362404182553291 112
1679925228254 0.0328221395611763 113
1679925447780 0.03320228308439255 114
1679925668065 0.03212740644812584 115
1679925887318 0.03126039728522301 116
1679926106673 0.031450409442186356 117
1679926326111 0.031960126012563705 118
1679926547441 0.031004831194877625 119
1679926767065 0.03190065920352936 120
1679926986701 0.03187895938754082 121
1679927206110 0.030731914564967155 122
1679927426522 0.03313127160072327 123
1679927647659 0.03126536309719086 124
1679927867524 0.03122936375439167 125
1679928086848 0.03083685040473938 126
1679928306488 0.03150391951203346 127
1679928525443 0.03190864250063896 128
1679928745512 0.03154150769114494 129
