1679900183662 0.04050273448228836 0
1679900434467 0.036953579634428024 1
1679900686750 0.03392428532242775 2
1679900939921 0.03194594383239746 3
1679901194504 0.028164967894554138 4
1679901438237 0.02793571911752224 5
1679901675329 0.02527368627488613 6
1679901907637 0.02403782121837139 7
1679902137260 0.022617973387241364 8
1679902368226 0.022330546751618385 9
1679902595690 0.02155732922255993 10
1679902820274 0.0213339701294899 11
1679903044213 0.020939525216817856 12
1679903267918 0.019869113340973854 13
1679903489016 0.01979317143559456 14
1679903710368 0.0198745746165514 15
1679903931417 0.01969372294843197 16
1679904151997 0.019195804372429848 17
1679904371784 0.019767358899116516 18
1679904594443 0.019908681511878967 19
1679904815213 0.01894265227019787 20
1679905036142 0.018697228282690048 21
1679905256730 0.018955495208501816 22
1679905476085 0.018169552087783813 23
1679905695954 0.017682213336229324 24
1679905916719 0.01745743490755558 25
1679906136766 0.016700634732842445 26
1679906356510 0.016179043799638748 27
1679906576101 0.015966232866048813 28
1679906797312 0.014233250170946121 29
1679907016153 0.013052642345428467 30
1679907235747 0.012301144190132618 31
1679907455906 0.011943343095481396 32
1679907675622 0.010854772292077541 33
1679907895353 0.010143354535102844 34
1679908114327 0.009361487813293934 35
1679908333086 0.00910190213471651 36
1679908553442 0.009152255021035671 37
1679908772836 0.008603723719716072 38
1679908992370 0.008901509456336498 39
1679909211629 0.00791653711348772 40
1679909430504 0.007766264025121927 41
1679909649753 0.007593029644340277 42
1679909869058 0.007301801815629005 43
1679910088510 0.007141239009797573 44
1679910308956 0.007048835512250662 45
1679910527682 0.007017493713647127 46
1679910746956 0.007382753770798445 47
1679910966009 0.007331428583711386 48
1679911184629 0.007204742636531591 49
1679911403626 0.0068900249898433685 50
1679911623348 0.006648443639278412 51
1679911842475 0.006418511737138033 52
1679912062345 0.006050433497875929 53
1679912281607 0.0060330843552947044 54
1679912501855 0.006471097469329834 55
1679912720543 0.006168626248836517 56
1679912939969 0.006496812682598829 57
1679913159761 0.006065714173018932 58
1679913378483 0.006206037942320108 59
1679913598373 0.006008236203342676 60
1679913817133 0.006013631355017424 61
1679914037813 0.006418958771973848 62
1679914256676 0.005917579401284456 63
1679914475535 0.005949696060270071 64
1679914695376 0.00594943156465888 65
1679914914591 0.005783780477941036 66
1679915134144 0.005373713094741106 67
1679915352741 0.00572633882984519 68
1679915571554 0.005236130673438311 69
1679915791254 0.005232890602201223 70
1679916010766 0.005110414698719978 71
1679916229658 0.005403139162808657 72
1679916448935 0.0054497793316841125 73
1679916667460 0.005457158666104078 74
1679916887013 0.00533337751403451 75
1679917106368 0.005655224435031414 76
1679917325601 0.004936684388667345 77
1679917545534 0.0050662606954574585 78
1679917764254 0.00543846283107996 79
1679917983836 0.005694165360182524 80
1679918202912 0.004994619637727737 81
1679918421605 0.005848141852766275 82
1679918640814 0.0053174798376858234 83
1679918860012 0.004735905211418867 84
1679919080002 0.005380367860198021 85
1679919300068 0.004804414231330156 86
1679919519954 0.00512878131121397 87
1679919739247 0.005307682324200869 88
1679919958316 0.004803890362381935 89
1679920177614 0.00540604954585433 90
1679920397561 0.005183286964893341 91
1679920616528 0.00472272839397192 92
1679920836164 0.005406241863965988 93
1679921056478 0.004943108186125755 94
1679921275971 0.005158144515007734 95
1679921495424 0.004771233070641756 96
1679921714902 0.00456622987985611 97
1679921933815 0.0052606649696826935 98
1679922153938 0.005091915838420391 99
1679922373547 0.005630317609757185 100
1679922593817 0.004686411935836077 101
1679922813031 0.0051236324943602085 102
1679923033033 0.0045363400131464005 103
1679923252485 0.004843376576900482 104
1679923472118 0.0054785506799817085 105
1679923691777 0.004578927531838417 106
1679923911315 0.00454301293939352 107
1679924130106 0.004615135490894318 108
1679924349577 0.004965323954820633 109
1679924569048 0.004845249932259321 110
1679924789290 0.004490158520638943 111
1679925009091 0.0047476221807301044 112
1679925228254 0.004955744370818138 113
1679925447780 0.00428982637822628 114
1679925668065 0.0040914081037044525 115
1679925887318 0.004092079121619463 116
1679926106673 0.004833938088268042 117
1679926326111 0.004769917577505112 118
1679926547441 0.004451789427548647 119
1679926767065 0.00431207288056612 120
1679926986701 0.0043226187117397785 121
1679927206110 0.00453178258612752 122
1679927426522 0.004058013204485178 123
1679927647659 0.004219049122184515 124
1679927867524 0.004253406077623367 125
1679928086848 0.004007469397038221 126
1679928306488 0.004484710283577442 127
1679928525443 0.004282546695321798 128
1679928745512 0.004553060047328472 129
