1679900183662 0.05580007657408714 0
1679900434467 0.06479844450950623 1
1679900686750 0.06328319013118744 2
1679900939921 0.06854492425918579 3
1679901194504 0.06342285871505737 4
1679901438237 0.05933935195207596 5
1679901675329 0.05985888093709946 6
1679901907637 0.05365796014666557 7
1679902137260 0.05398170277476311 8
1679902368226 0.056135207414627075 9
1679902595690 0.050495635718107224 10
1679902820274 0.0502062626183033 11
1679903044213 0.046568501740694046 12
1679903267918 0.049381956458091736 13
1679903489016 0.044920019805431366 14
1679903710368 0.0433625727891922 15
1679903931417 0.043316081166267395 16
1679904151997 0.04079984501004219 17
1679904371784 0.04165805131196976 18
1679904594443 0.04144791513681412 19
1679904815213 0.040569864213466644 20
1679905036142 0.040365442633628845 21
1679905256730 0.04265211895108223 22
1679905476085 0.0417671836912632 23
1679905695954 0.04177698865532875 24
1679905916719 0.04193668067455292 25
1679906136766 0.037699103355407715 26
1679906356510 0.03985053300857544 27
1679906576101 0.03805014118552208 28
1679906797312 0.039501264691352844 29
1679907016153 0.03817010298371315 30
1679907235747 0.03770773485302925 31
1679907455906 0.039335936307907104 32
1679907675622 0.03648827224969864 33
1679907895353 0.03888731449842453 34
1679908114327 0.03930087387561798 35
1679908333086 0.03805890306830406 36
1679908553442 0.03614344820380211 37
1679908772836 0.03605611249804497 38
1679908992370 0.03552495315670967 39
1679909211629 0.03550771623849869 40
1679909430504 0.03501894325017929 41
1679909649753 0.03582935035228729 42
1679909869058 0.032630033791065216 43
1679910088510 0.036387212574481964 44
1679910308956 0.034066665917634964 45
1679910527682 0.03483548387885094 46
1679910746956 0.03606271371245384 47
1679910966009 0.03326430171728134 48
1679911184629 0.03402285277843475 49
1679911403626 0.03319546952843666 50
1679911623348 0.032130640000104904 51
1679911842475 0.03190689906477928 52
1679912062345 0.03461454063653946 53
1679912281607 0.03331471607089043 54
1679912501855 0.031891074031591415 55
1679912720543 0.03337956592440605 56
1679912939969 0.033150508999824524 57
1679913159761 0.03173057362437248 58
1679913378483 0.032172780483961105 59
1679913598373 0.030959321185946465 60
1679913817133 0.031151993200182915 61
1679914037813 0.0345386303961277 62
1679914256676 0.03267490863800049 63
1679914475535 0.03270668536424637 64
1679914695376 0.03209603205323219 65
1679914914591 0.030849680304527283 66
1679915134144 0.030959229916334152 67
1679915352741 0.031060507521033287 68
1679915571554 0.032988134771585464 69
1679915791254 0.0321398600935936 70
1679916010766 0.029059965163469315 71
1679916229658 0.030374227091670036 72
1679916448935 0.030852891504764557 73
1679916667460 0.0327644981443882 74
1679916887013 0.0314159132540226 75
1679917106368 0.03304546698927879 76
1679917325601 0.029782144352793694 77
1679917545534 0.029617834836244583 78
1679917764254 0.031545087695121765 79
1679917983836 0.031158318743109703 80
1679918202912 0.02959936484694481 81
1679918421605 0.02941768988966942 82
1679918640814 0.02927921526134014 83
1679918860012 0.029811661690473557 84
1679919080002 0.02875283733010292 85
1679919300068 0.030232977122068405 86
1679919519954 0.032293617725372314 87
1679919739247 0.029022129252552986 88
1679919958316 0.029835671186447144 89
1679920177614 0.029538899660110474 90
1679920397561 0.02957095205783844 91
1679920616528 0.028283370658755302 92
1679920836164 0.02854708768427372 93
1679921056478 0.029132025316357613 94
1679921275971 0.029429951682686806 95
1679921495424 0.030351631343364716 96
1679921714902 0.028180861845612526 97
1679921933815 0.029621412977576256 98
1679922153938 0.02928156964480877 99
1679922373547 0.028432967141270638 100
1679922593817 0.029161563143134117 101
1679922813031 0.028075577691197395 102
1679923033033 0.026047030463814735 103
1679923252485 0.02922184392809868 104
1679923472118 0.02954651415348053 105
1679923691777 0.028512045741081238 106
1679923911315 0.02884780801832676 107
1679924130106 0.02810187265276909 108
1679924349577 0.029728127643465996 109
1679924569048 0.028147753328084946 110
1679924789290 0.028272025287151337 111
1679925009091 0.029424557462334633 112
1679925228254 0.02695475146174431 113
1679925447780 0.02747572958469391 114
1679925668065 0.027040181681513786 115
1679925887318 0.0273324865847826 116
1679926106673 0.028594231233000755 117
1679926326111 0.027730083093047142 118
1679926547441 0.02689065784215927 119
1679926767065 0.027060501277446747 120
1679926986701 0.028257939964532852 121
1679927206110 0.029346585273742676 122
1679927426522 0.02701353095471859 123
1679927647659 0.029260382056236267 124
1679927867524 0.02896047569811344 125
1679928086848 0.02669730968773365 126
1679928306488 0.026062918826937675 127
1679928525443 0.027834827080368996 128
1679928745512 0.027923187240958214 129
