1679740750632 0.00021094827619679121 0
1679741251669 0.004512331622561212 2
1679741499085 0.005117677987862096 3
1679741998304 0.03132482208854691 5
1679742722351 0.06845444808574874 8
1679742952525 0.13940351038696944 9
1679743178266 0.14648428355173218 10
1679743412358 0.18579245793340146 11
1679743634583 0.22141791565516308 12
1679744077131 0.2513477442847056 14
1679744297845 0.2687435333338691 15
1679744739799 0.2895740392563297 17
1679744959332 0.3052801686323154 18
1679745620442 0.4078781733087859 21
1679746279439 0.4942605502829675 24
1679746938491 0.5329687110652462 27
1679747817055 0.5363710272051914 31
1679748036295 0.5496292207630122 32
1679748914413 0.5733007049061621 36
1679749132979 0.5768150339744799 37
1679749789862 0.602355302692716 40
1679750228300 0.6478960072382781 42
1679752645766 0.6530875944312758 53
1679752864237 0.6665031165763707 54
1679754395682 0.691274667682074 61
1679754614500 0.691990970206957 62
1679754833364 0.6968382157712781 63
1679756148623 0.7102136132349331 69
1679756589580 0.7177491034812812 71
1679757248583 0.7296162532114129 74
1679757688479 0.7411649224699307 76
1679759665303 0.7496204246936179 85
1679760104286 0.7607859586705789 87
1679761203697 0.760918757023597 92
1679761862903 0.7628812007419937 95
1679762083183 0.7687712892364186 96
1679762522715 0.7724334708137 98
1679763181665 0.7725999403795529 101
1679763622360 0.780810133738289 103
1679765379090 0.7861571644025162 111
1679766036810 0.7874307971712108 114
1679766257039 0.7917074958539408 115
1679768240005 0.7925449828051415 124
1679768462711 0.7955866384660539 125
1679768905680 0.7957337308607779 127
