1679740750632 0.0017970544369245028 0
1679741251669 0.7105457162104837 2
1679741499085 0.6970835777740737 3
1679741998304 0.2269839861028169 5
1679742722351 0.16765456672125997 8
1679742952525 0.2838283804298919 9
1679743178266 0.28335520968045697 10
1679743412358 0.40620129992548826 11
1679743634583 0.42369924296893496 12
1679744077131 0.5473705588816459 14
1679744297845 0.6271325575231346 15
1679744739799 0.6978250726661993 17
1679744959332 0.6760771702908626 18
1679745620442 0.7222811000901753 21
1679746279439 0.8842559464434118 24
1679746938491 0.8653874312781191 27
1679747817055 0.8517262609098623 31
1679748036295 0.9127077842412512 32
1679748914413 0.9167376689594837 36
1679749132979 0.9123206026418439 37
1679749789862 0.9229448118066806 40
1679750228300 0.9145776468887318 42
1679752645766 0.9376878993571268 53
1679752864237 0.9210854758519332 54
1679754395682 0.9331893223830572 61
1679754614500 0.9453826512858122 62
1679754833364 0.9252138469695019 63
1679756148623 0.9423781133045619 69
1679756589580 0.9480941687701958 71
1679757248583 0.9525741354045983 74
1679757688479 0.9352633145905171 76
1679759665303 0.9511391682321079 85
1679760104286 0.9537824200383492 87
1679761203697 0.9517812543170505 92
1679761862903 0.9564491916653765 95
1679762083183 0.9507376726318509 96
1679762522715 0.953460764032548 98
1679763181665 0.9541070529781918 101
1679763622360 0.9550446708875712 103
1679765379090 0.9557302581004713 111
1679766036810 0.9524413045173598 114
1679766257039 0.9509552341726485 115
1679768240005 0.9495766949381726 124
1679768462711 0.9541889359152017 125
1679768905680 0.9506604482030346 127
