1679740750632 0.05349232716342351 0
1679741251669 0.04263565891472868 2
1679741499085 0.0636766334440753 3
1679741998304 0.13888199690979167 5
1679742722351 0.5181245791639987 8
1679742952525 0.5830475851255731 9
1679743178266 0.5396032381444701 10
1679743412358 0.5065032014306098 11
1679743634583 0.6084334333883591 12
1679744077131 0.6454390833602758 14
1679744297845 0.5642812018299258 15
1679744739799 0.6234979398667208 17
1679744959332 0.6303861754754415 18
1679745620442 0.7113722247428207 21
1679746279439 0.8040050970875031 24
1679746938491 0.8194084659661817 27
1679747817055 0.8596216433806453 31
1679748036295 0.8503994201886469 32
1679748914413 0.8840609564505547 36
1679749132979 0.8762796178081943 37
1679749789862 0.8897134366023868 40
1679750228300 0.9035909806561154 42
1679752645766 0.9011439998230006 53
1679752864237 0.935814199229016 54
1679754395682 0.9351641256652697 61
1679754614500 0.9348579058197188 62
1679754833364 0.9378928240463478 63
1679756148623 0.938675973398059 69
1679756589580 0.9275629316387315 71
1679757248583 0.9362960709729752 74
1679757688479 0.9525244831616068 76
1679759665303 0.9471207917899527 85
1679760104286 0.9417935949583881 87
1679761203697 0.9507029157390438 92
1679761862903 0.9507586455513511 95
1679762083183 0.950964420973362 96
1679762522715 0.9485827136480681 98
1679763181665 0.9570549506342202 101
1679763622360 0.9561454739435159 103
1679765379090 0.9500635015276714 111
1679766036810 0.9626931803400934 114
1679766257039 0.9635488402625983 115
1679768240005 0.958814546073493 124
1679768462711 0.9593098432848347 125
1679768905680 0.9650030304695022 127
