1679571912236 0.0003669788684647914 0
1679572179012 0.0001983629827240508 1
1679572441527 8.93808750163576e-05 2
1679572683833 0.002142262321458236 3
1679572912320 0.004639988346179232 4
1679573144160 0.009392413384699498 5
1679573377317 0.0026768631551783296 6
1679573620312 0.03316704898010464 7
1679573862541 0.02725299939669122 8
1679574093539 0.07721072738028073 9
1679574324562 0.12380252381228125 10
1679574545661 0.21494497697886072 11
1679574765676 0.25006363059889564 12
1679574985835 0.29820433182883704 13
1679575205212 0.23511739462402878 14
1679575423669 0.34620024579008035 15
1679575643075 0.23923223236469196 16
1679575861524 0.335658829496011 17
1679576079255 0.439680270075202 18
1679576296974 0.3721864228362218 19
1679576514523 0.39176599205190604 20
1679576732443 0.3684224664016629 21
1679576950110 0.3515722314139802 22
1679577168031 0.4093799642929053 23
1679577385850 0.1192953411864629 24
1679577615068 0.4467300699785488 25
1679577832784 0.4857603640859864 26
1679578051003 0.5358757123619307 27
1679578268383 0.5641029157884809 28
1679578485690 0.5331438386505482 29
1679578702844 0.5594844490231851 30
1679578921276 0.4845606325710692 31
1679579140709 0.532584455563568 32
1679579358124 0.5264826795424246 33
1679579576807 0.5924255843516893 34
1679579794131 0.5934663090682099 35
1679580011393 0.5990158065767514 36
1679580228326 0.5468932835112659 37
1679580445797 0.5751755080487072 38
1679580662613 0.6168485401256804 39
1679580879973 0.5865661938421948 40
1679581096760 0.5841686681182606 41
1679581314415 0.5995310325095906 42
1679581531893 0.6010697413487431 43
1679581748933 0.6074420212462346 44
1679581965484 0.6409774648519865 45
1679582182840 0.6317361400380093 46
1679582400212 0.6289172736486256 47
1679582616936 0.6612821547162486 48
1679582833715 0.6630812057573009 49
1679583051426 0.6413106398568093 50
1679583268696 0.6662999673490653 51
1679583486108 0.6819298000231445 52
1679583703866 0.6709855084477594 53
1679583920374 0.668780119023718 54
1679584137128 0.6276207293864665 55
1679584353790 0.6580950383139367 56
1679584570604 0.6862598534720604 57
1679584787450 0.6795728999826393 58
1679585004497 0.6587494994295934 59
1679585220926 0.6966864942498107 60
1679585437875 0.6643234042819638 61
1679585654727 0.7046342137801714 62
1679585872073 0.5560791983654303 63
1679586089459 0.6932779485426437 64
1679586306045 0.6701001937250851 65
1679586523290 0.664550449487901 66
1679586740154 0.7113870512418149 67
1679586957275 0.7007296111838527 68
1679587174744 0.6840155882836672 69
1679587391461 0.6984498647334568 70
1679587608080 0.735192607137936 71
1679587825104 0.659741299192067 72
1679588042846 0.7067714486460371 73
1679588260241 0.7060741046588787 74
1679588476929 0.7368760831644007 75
1679588694349 0.7091796412764233 76
1679588911075 0.7213035409602438 77
1679589127841 0.7111906426567475 78
1679589344737 0.7450801032612193 79
1679589561870 0.6934392960284663 80
1679589779091 0.7186230729357491 81
1679589995904 0.7223524901107862 82
1679590212628 0.7498549345939153 83
1679590429646 0.7253087016873473 84
1679590646484 0.740577961167122 85
1679590863177 0.7507718366075209 86
1679591080625 0.74840519492014 87
1679591297269 0.7584626874165821 88
1679591514314 0.7464941034105276 89
1679591731155 0.754926012696251 90
1679591948486 0.7512347335561492 91
1679592165074 0.7334569235175769 92
1679592382021 0.7448243280514272 93
1679592599157 0.7610921792615756 94
1679592816225 0.7565058504848778 95
1679593033056 0.7497615315659086 96
1679593249957 0.7473507183320086 97
1679593466679 0.7707791834176013 98
1679593683669 0.7755280372741096 99
1679593900632 0.7643039047625789 100
1679594117319 0.7706515582670089 101
1679594334366 0.7694140607064021 102
1679594551670 0.7790128497008806 103
1679594769177 0.7621592608632627 104
1679594985879 0.7778961990547857 105
1679595202532 0.7762058552816341 106
1679595419314 0.7805131381267468 107
1679595636375 0.7673697960129688 108
1679595853024 0.7787191410495508 109
1679596069669 0.7849349764511651 110
1679596287259 0.7819809058412616 111
1679596504034 0.7804629841193971 112
1679596720660 0.7808474528259878 113
1679596937744 0.7863035693492942 114
1679597155154 0.7914637810502295 115
1679597372075 0.7904659852147096 116
1679597588580 0.7905023086971757 117
1679597805605 0.7881053405154971 118
1679598022298 0.7813653357973293 119
1679598238832 0.7835733497025874 120
1679598455324 0.7917999500443136 121
1679598672176 0.7867225377753732 122
1679598889037 0.7902709659096677 123
1679599105660 0.788918550228504 124
1679599322671 0.7913369037290551 125
1679599539579 0.7918133202819874 126
1679599756896 0.7911798311337916 127
