1679571912236 0.0014148891380427488 0
1679572179012 0.0011200332073743272 1
1679572441527 0.0004622222222222222 2
1679572683833 0.7120055442283099 3
1679572912320 0.018927394880545043 4
1679573144160 0.05415969117954724 5
1679573377317 0.011384026368586014 6
1679573620312 0.15747208409103483 7
1679573862541 0.14285413825982002 8
1679574093539 0.5129622184298699 9
1679574324562 0.2607026633172593 10
1679574545661 0.37512491988792207 11
1679574765676 0.7921784164499774 12
1679574985835 0.8471053081921455 13
1679575205212 0.43333050911309795 14
1679575423669 0.7727578040616095 15
1679575643075 0.6724272907806035 16
1679575861524 0.7757609103557623 17
1679576079255 0.8739839686419786 18
1679576296974 0.7032618062228827 19
1679576514523 0.6316179355318439 20
1679576732443 0.7554966463088881 21
1679576950110 0.8766908033431652 22
1679577168031 0.779389330057645 23
1679577385850 0.37691953211249274 24
1679577615068 0.8190004258346378 25
1679577832784 0.8975435681219391 26
1679578051003 0.8896547239908391 27
1679578268383 0.8899336441375146 28
1679578485690 0.9031865800526484 29
1679578702844 0.8958808304842819 30
1679578921276 0.8431712579368386 31
1679579140709 0.8786756171162371 32
1679579358124 0.9030158375422782 33
1679579576807 0.9030453677474255 34
1679579794131 0.9072067676874539 35
1679580011393 0.9288869703939318 36
1679580228326 0.9218989129816983 37
1679580445797 0.8800145986777749 38
1679580662613 0.9009625318611582 39
1679580879973 0.9135199077138999 40
1679581096760 0.916458453063662 41
1679581314415 0.9075701637423336 42
1679581531893 0.9180731817300489 43
1679581748933 0.9275641600239696 44
1679581965484 0.9282954339029575 45
1679582182840 0.9182356791879348 46
1679582400212 0.9209242900844324 47
1679582616936 0.928138889110853 48
1679582833715 0.9343887886350358 49
1679583051426 0.9255040930249668 50
1679583268696 0.923086239707843 51
1679583486108 0.9402769919961936 52
1679583703866 0.9280106427112226 53
1679583920374 0.9352939000864499 54
1679584137128 0.9223808449226115 55
1679584353790 0.9342767793569715 56
1679584570604 0.9388872034120133 57
1679584787450 0.9416606909478009 58
1679585004497 0.9384409020056892 59
1679585220926 0.9390355613099813 60
1679585437875 0.9414490377852669 61
1679585654727 0.9460168404559951 62
1679585872073 0.9044885184037073 63
1679586089459 0.9429284654706017 64
1679586306045 0.941390973782713 65
1679586523290 0.9242424895137101 66
1679586740154 0.9450941355479802 67
1679586957275 0.9523827213848425 68
1679587174744 0.9420082140572189 69
1679587391461 0.9430923640950524 70
1679587608080 0.9419630233388911 71
1679587825104 0.9469879225691015 72
1679588042846 0.9489028241233592 73
1679588260241 0.9421890932219378 74
1679588476929 0.9538498077349079 75
1679588694349 0.9515521834006745 76
1679588911075 0.9519543037873429 77
1679589127841 0.955191799095913 78
1679589344737 0.9555305774295858 79
1679589561870 0.9544011325938397 80
1679589779091 0.9443251264020919 81
1679589995904 0.9521186403683372 82
1679590212628 0.9592283766595436 83
1679590429646 0.9502775193884307 84
1679590646484 0.9472929522780139 85
1679590863177 0.9505429750544229 86
1679591080625 0.951876247306807 87
1679591297269 0.9630975170964446 88
1679591514314 0.9629933743838911 89
1679591731155 0.9635484899249637 90
1679591948486 0.9686508190847976 91
1679592165074 0.960477323031446 92
1679592382021 0.9613718457027942 93
1679592599157 0.9624894611334329 94
1679592816225 0.9612250996458712 95
1679593033056 0.9572204462724901 96
1679593249957 0.9656634443731104 97
1679593466679 0.9629873259076636 98
1679593683669 0.9653156019415281 99
1679593900632 0.9653631233714929 100
1679594117319 0.9577211942559684 101
1679594334366 0.9514283421831623 102
1679594551670 0.9623221338861462 103
1679594769177 0.9593744765074694 104
1679594985879 0.9647960701256068 105
1679595202532 0.9630931416992308 106
1679595419314 0.9648512566942884 107
1679595636375 0.9639117183942824 108
1679595853024 0.9704942874397161 109
1679596069669 0.9608025520196305 110
1679596287259 0.9645873581777392 111
1679596504034 0.963484187385015 112
1679596720660 0.9661689652226425 113
1679596937744 0.9671282286249889 114
1679597155154 0.9565184130009122 115
1679597372075 0.9569086914879285 116
1679597588580 0.9650999381902939 117
1679597805605 0.9634357972607691 118
1679598022298 0.9619326227709645 119
1679598238832 0.9664135020273297 120
1679598455324 0.9740531185825335 121
1679598672176 0.9636417632804827 122
1679598889037 0.9597805718860702 123
1679599105660 0.9681506753801564 124
1679599322671 0.9681153643120961 125
1679599539579 0.9666563434849095 126
1679599756896 0.9650374048607788 127
