1679571912236 0.04342667299477931 0
1679572179012 0.03672759426351186 1
1679572441527 0.06578115117014548 2
1679572683833 0.011627906976744186 3
1679572912320 0.12821797886446404 4
1679573144160 0.2890625492507581 5
1679573377317 0.20424906646829774 6
1679573620312 0.21232514010855655 7
1679573862541 0.17578659370725036 8
1679574093539 0.33308537218338197 9
1679574324562 0.6394555196422155 10
1679574545661 0.6413069448330999 11
1679574765676 0.4417459203428778 12
1679574985835 0.4744107038484737 13
1679575205212 0.6607690120494562 14
1679575423669 0.6794254460974187 15
1679575643075 0.6708331083642606 16
1679575861524 0.6973688575205026 17
1679576079255 0.7573401377836068 18
1679576296974 0.749552409110681 19
1679576514523 0.7441432687103348 20
1679576732443 0.7492192125925672 21
1679576950110 0.7901688807556031 22
1679577168031 0.7787675310385942 23
1679577385850 0.23936862817144866 24
1679577615068 0.8281752043918035 25
1679577832784 0.8050762763553823 26
1679578051003 0.8135771820407088 27
1679578268383 0.8317716030740256 28
1679578485690 0.8755391261979503 29
1679578702844 0.8309995800346414 30
1679578921276 0.778580466345343 31
1679579140709 0.8404360626573256 32
1679579358124 0.8685514245997932 33
1679579576807 0.8775828035640364 34
1679579794131 0.8733535045004439 35
1679580011393 0.8763848565827134 36
1679580228326 0.8700676303233165 37
1679580445797 0.8616691225661534 38
1679580662613 0.9006540501615321 39
1679580879973 0.9002895971957804 40
1679581096760 0.893963757343822 41
1679581314415 0.8763251386439298 42
1679581531893 0.9103685258440152 43
1679581748933 0.8915843531711259 44
1679581965484 0.9119218992763977 45
1679582182840 0.8997283538341252 46
1679582400212 0.9129794828659145 47
1679582616936 0.9101009561887962 48
1679582833715 0.9100989345940147 49
1679583051426 0.9190684901117235 50
1679583268696 0.9208611348972768 51
1679583486108 0.9249033799770235 52
1679583703866 0.9183955625651593 53
1679583920374 0.9285199972169428 54
1679584137128 0.937140862251226 55
1679584353790 0.9306463495253018 56
1679584570604 0.9234763867996509 57
1679584787450 0.9337820023903718 58
1679585004497 0.9208785402027216 59
1679585220926 0.9322470314802759 60
1679585437875 0.9262945745363044 61
1679585654727 0.9300489117093115 62
1679585872073 0.8696640159475618 63
1679586089459 0.936924732383576 64
1679586306045 0.938096118001913 65
1679586523290 0.9247278431252471 66
1679586740154 0.9346432757191332 67
1679586957275 0.9231832664204859 68
1679587174744 0.9306384074217832 69
1679587391461 0.9389284259840869 70
1679587608080 0.9356639063655194 71
1679587825104 0.9057533465990476 72
1679588042846 0.9378228026467818 73
1679588260241 0.95156029598047 74
1679588476929 0.9375575436476166 75
1679588694349 0.9415416044420478 76
1679588911075 0.9429822428164805 77
1679589127841 0.9404011050103747 78
1679589344737 0.9475238774599078 79
1679589561870 0.9413547114269564 80
1679589779091 0.9579471965330412 81
1679589995904 0.9501265365590313 82
1679590212628 0.9422444113411994 83
1679590429646 0.9479987002935829 84
1679590646484 0.9430393189972808 85
1679590863177 0.9523483061641761 86
1679591080625 0.9457663155199114 87
1679591297269 0.9440837100031311 88
1679591514314 0.9422054300536652 89
1679591731155 0.945494338272704 90
1679591948486 0.9417205346136024 91
1679592165074 0.946193563357011 92
1679592382021 0.9477905625806183 93
1679592599157 0.9393922243175337 94
1679592816225 0.9508967594998627 95
1679593033056 0.9549216747581752 96
1679593249957 0.9445379427089665 97
1679593466679 0.9466279524117945 98
1679593683669 0.9490407661109551 99
1679593900632 0.941739035930023 100
1679594117319 0.9546504602248783 101
1679594334366 0.9639580115006884 102
1679594551670 0.9516500920138696 103
1679594769177 0.953656921194859 104
1679594985879 0.9520912265881597 105
1679595202532 0.9541390201849769 106
1679595419314 0.9529434132700022 107
1679595636375 0.9458623649160037 108
1679595853024 0.9506075055257082 109
1679596069669 0.95831869011195 110
1679596287259 0.9524186695145133 111
1679596504034 0.9542668906740346 112
1679596720660 0.9520382564167994 113
1679596937744 0.9510479006933615 114
1679597155154 0.9636199566098007 115
1679597372075 0.9574098132007235 116
1679597588580 0.9520389989827015 117
1679597805605 0.9562452512888125 118
1679598022298 0.9607173381104345 119
1679598238832 0.951609221676485 120
1679598455324 0.9482935598535955 121
1679598672176 0.9531490573143571 122
1679598889037 0.9616771306949811 123
1679599105660 0.9552325492088013 124
1679599322671 0.9564826403466297 125
1679599539579 0.9594545522020529 126
1679599756896 0.9589457165931599 127
