1679833789670 0.00021094827619679121 0
1679834043476 7.115538720961472e-05 1
1679834297837 0.0008100097582744441 2
1679834555162 0.00026500796374451664 3
1679834812955 0.0015570217710325401 4
1679835058528 0.04595151874115979 5
1679835297583 0.03376734110813515 6
1679835532496 0.079332180255954 7
1679835764830 0.11766271383441218 8
1679835998450 0.05468470829640711 9
1679836229021 0.1463482443459918 10
1679836456581 0.1837438010272908 11
1679836682630 0.14063115215784897 12
1679836907582 0.11783365753325122 13
1679837131648 0.23172449248226754 14
1679837355768 0.2610100146967816 15
1679837579655 0.16656559655618514 16
1679837802584 0.20909288447560134 17
1679838025569 0.23672477179319537 18
1679838252188 0.22630770922374857 19
1679838474289 0.23752305147781935 20
1679838696501 0.3410475889810795 21
1679838919235 0.27036445087548355 22
1679839141574 0.30963935965082023 23
1679839364202 0.43039112781068045 24
1679839587345 0.43085553970788387 25
1679839810059 0.44314748251766795 26
1679840033389 0.48438080598749494 27
1679840256402 0.4810029023000609 28
1679840479106 0.4506370094857002 29
1679840701138 0.5050756138211353 30
1679840922842 0.4894022854335464 31
1679841145869 0.37576997622394526 32
1679841368633 0.2975309713325787 33
1679841590672 0.4999778957550582 34
1679841813952 0.47795295541902677 35
1679842035862 0.42539579391489424 36
1679842257566 0.5233301308276088 37
1679842479291 0.6006905727630051 38
1679842701024 0.4748750717202641 39
1679842922806 0.46369196447489935 40
1679843144668 0.4978486946710127 41
1679843367380 0.5284072837383992 42
1679843589534 0.44265439856784056 43
1679843810529 0.5197066362679357 44
1679844032419 0.5211757680734489 45
1679844254025 0.6308799938368169 46
1679844476621 0.5097793354670138 47
1679844698456 0.5961297674854572 48
1679844920116 0.5613477471316809 49
1679845141708 0.6144538559205239 50
1679845364303 0.6113796964152034 51
1679845585544 0.5837919859466266 52
1679845807027 0.6526963413352761 53
1679846029442 0.6301072482627489 54
1679846251349 0.6023696768622678 55
1679846473139 0.6262584494794883 56
1679846694738 0.6440408614249485 57
1679846916493 0.40110482270749176 58
1679847137671 0.6447619457392811 59
1679847359691 0.660413341167421 60
1679847581868 0.547776758372632 61
1679847803207 0.6488153315495176 62
1679848025128 0.6353619121643858 63
1679848246720 0.6900937768377539 64
1679848468566 0.5976842837424042 65
1679848690116 0.6611555046475114 66
1679848910892 0.654428636065193 67
1679849133171 0.6817798856669078 68
1679849354562 0.7048312038726344 69
1679849576869 0.6727917069085141 70
1679849798667 0.680966633957448 71
1679850019655 0.6602815877761589 72
1679850241079 0.6788070220999821 73
1679850462351 0.6964033866875804 74
1679850684321 0.6998314925918625 75
1679850907078 0.7087586900123659 76
1679851129252 0.6673172361296626 77
1679851350978 0.68428821337451 78
1679851572466 0.6781332042835518 79
1679851793894 0.6881347888958431 80
1679852015581 0.6859821842940752 81
1679852236377 0.6673472567367938 82
1679852457817 0.7014549802799492 83
1679852680496 0.7116141371689775 84
1679852902375 0.7002895646731311 85
1679853124234 0.7166297362118913 86
1679853345900 0.7339598032810611 87
1679853567727 0.710787545275719 88
1679853788616 0.6393516768561721 89
1679854010383 0.7171578545651669 90
1679854231284 0.7279105923070449 91
1679854453746 0.742084661722739 92
1679854674954 0.7232789143057968 93
1679854897193 0.7419137233687326 94
1679855118901 0.7038753260647911 95
1679855339796 0.7498534094160424 96
1679855561269 0.7238193077041982 97
1679855782279 0.7462278443091886 98
1679856003882 0.7531921556766394 99
1679856226595 0.7384119394411847 100
1679856448330 0.721317654133849 101
1679856669968 0.7382515803784585 102
1679856891973 0.7429394774397661 103
1679857113683 0.7130109501818712 104
1679857335284 0.7396882234762417 105
1679857556620 0.7245731254148303 106
1679857777715 0.7451109360048589 107
1679858000350 0.7221391427968588 108
1679858221983 0.7516799091588537 109
1679858444021 0.7544513953844457 110
1679858665393 0.7561677848484614 111
1679858887089 0.7573269454545496 112
1679859108406 0.7583631776573702 113
1679859329871 0.7642956617919258 114
1679859551910 0.7525267733323103 115
1679859773732 0.734262884619732 116
1679859994877 0.7663899774973002 117
1679860216764 0.7677834848409182 118
1679860438618 0.7704479940218057 119
1679860659772 0.7542018694314171 120
1679860881322 0.7622363764049541 121
1679861103804 0.772240958453442 122
1679861325121 0.7791873021204564 123
1679861547545 0.7755401448929066 124
1679861769382 0.7859772699436971 125
1679861991343 0.7456838969821353 126
1679862212569 0.7814776369670362 127
1679862434169 0.7776949030313233 128
