1679833789670 0.0017970544369245028 0
1679834043476 0.0003682050453071818 1
1679834297837 0.004152439666722964 2
1679834555162 0.6709460560684996 3
1679834812955 0.34497996417392945 4
1679835058528 0.8020252303555416 5
1679835297583 0.13868507099069113 6
1679835532496 0.14590240578559774 7
1679835764830 0.31034374956921446 8
1679835998450 0.15987007787793905 9
1679836229021 0.3578395712597444 10
1679836456581 0.33691274633583257 11
1679836682630 0.29949086628168736 12
1679836907582 0.26149197899494286 13
1679837131648 0.4232156939960245 14
1679837355768 0.44933012985483406 15
1679837579655 0.3664024693511115 16
1679837802584 0.4045707446271778 17
1679838025569 0.4495718821981491 18
1679838252188 0.4710822430979391 19
1679838474289 0.4871202866673771 20
1679838696501 0.5133228038001211 21
1679838919235 0.5103053677307808 22
1679839141574 0.6576416698864956 23
1679839364202 0.6443523657284499 24
1679839587345 0.765504446057205 25
1679839810059 0.7909846749494472 26
1679840033389 0.6619826780731198 27
1679840256402 0.8601813146247359 28
1679840479106 0.8099243460661287 29
1679840701138 0.8957554646730851 30
1679840922842 0.8842137167924901 31
1679841145869 0.8404884090153368 32
1679841368633 0.7440111168557428 33
1679841590672 0.866627776468407 34
1679841813952 0.9028396685157043 35
1679842035862 0.8835476871770652 36
1679842257566 0.8759728082244039 37
1679842479291 0.8988084489880696 38
1679842701024 0.8895841436053686 39
1679842922806 0.898870313394151 40
1679843144668 0.8881912497640635 41
1679843367380 0.8928186339682598 42
1679843589534 0.9074324743709129 43
1679843810529 0.9225145147969768 44
1679844032419 0.9005293516198645 45
1679844254025 0.911096428548125 46
1679844476621 0.9126877136125024 47
1679844698456 0.9260305316824913 48
1679844920116 0.9298047797473753 49
1679845141708 0.9209759086310996 50
1679845364303 0.9139699827700691 51
1679845585544 0.9349483245594371 52
1679845807027 0.9329649578779803 53
1679846029442 0.8998281543653411 54
1679846251349 0.9191840276025544 55
1679846473139 0.9335817119114539 56
1679846694738 0.9280305200027975 57
1679846916493 0.7315494851415342 58
1679847137671 0.9447484543090431 59
1679847359691 0.9407587002054266 60
1679847581868 0.8141994556649927 61
1679847803207 0.9357372781229945 62
1679848025128 0.9335111528840924 63
1679848246720 0.9493197899665452 64
1679848468566 0.8476726746110584 65
1679848690116 0.9376277461368697 66
1679848910892 0.9481765176099327 67
1679849133171 0.9493125485573044 68
1679849354562 0.944213124217406 69
1679849576869 0.946703259665569 70
1679849798667 0.9483688026352682 71
1679850019655 0.9577360641602605 72
1679850241079 0.949226694627528 73
1679850462351 0.9471602486857232 74
1679850684321 0.9493333035749463 75
1679850907078 0.9545227931000538 76
1679851129252 0.9549314375389586 77
1679851350978 0.9494702464597911 78
1679851572466 0.9479265021195807 79
1679851793894 0.9440226233959909 80
1679852015581 0.9453708993990272 81
1679852236377 0.9455725251178345 82
1679852457817 0.9505973236156948 83
1679852680496 0.9381239082750188 84
1679852902375 0.9445095381322587 85
1679853124234 0.9589769584696977 86
1679853345900 0.9524765208823479 87
1679853567727 0.9416493158266156 88
1679853788616 0.9255489286346342 89
1679854010383 0.9526912894614202 90
1679854231284 0.9571521816183718 91
1679854453746 0.9502402751485909 92
1679854674954 0.9537183070822537 93
1679854897193 0.942771811869325 94
1679855118901 0.9531065828033073 95
1679855339796 0.9631895970495901 96
1679855561269 0.961012066796669 97
1679855782279 0.9531258298650348 98
1679856003882 0.9616392626329874 99
1679856226595 0.963556247359883 100
1679856448330 0.9608447545772094 101
1679856669968 0.9501898965570019 102
1679856891973 0.9504260903166912 103
1679857113683 0.950790068124788 104
1679857335284 0.9535285485081193 105
1679857556620 0.9542617173571362 106
1679857777715 0.9563227618430004 107
1679858000350 0.9446489816103162 108
1679858221983 0.9694641283842337 109
1679858444021 0.9617437634819866 110
1679858665393 0.9456793097417676 111
1679858887089 0.9524834428030777 112
1679859108406 0.9569269549665305 113
1679859329871 0.9527185356163734 114
1679859551910 0.9597206518082745 115
1679859773732 0.9576722809774617 116
1679859994877 0.9564171931767517 117
1679860216764 0.9622161062501258 118
1679860438618 0.9626150512947232 119
1679860659772 0.954637959707661 120
1679860881322 0.9587872885635985 121
1679861103804 0.9539554972969144 122
1679861325121 0.9524702850724204 123
1679861547545 0.9591802355466011 124
1679861769382 0.9564891498471564 125
1679861991343 0.9526923809117575 126
1679862212569 0.9541544839378101 127
1679862434169 0.9615110655930711 128
