1679833789670 0.05349232716342351 0
1679834043476 0.034863945578231297 1
1679834297837 0.03654485049833887 2
1679834555162 0.0027685492801771874 3
1679834812955 0.022702104097452935 4
1679835058528 0.11395288120001253 5
1679835297583 0.296545399855366 6
1679835532496 0.4292365108083744 7
1679835764830 0.47902745906549643 8
1679835998450 0.5463523368837407 9
1679836229021 0.4778265394680002 10
1679836456581 0.5921067977078304 11
1679836682630 0.6311585971793763 12
1679836907582 0.610947644365892 13
1679837131648 0.7132612453393943 14
1679837355768 0.7128937096218833 15
1679837579655 0.6999807049601535 16
1679837802584 0.6690710323572215 17
1679838025569 0.732688146385895 18
1679838252188 0.5621117914532655 19
1679838474289 0.59930232408042 20
1679838696501 0.739647659513918 21
1679838919235 0.7362265236176991 22
1679839141574 0.7446428203126922 23
1679839364202 0.7337884749747395 24
1679839587345 0.7460904000371792 25
1679839810059 0.7426488615239513 26
1679840033389 0.803389585391546 27
1679840256402 0.7625688990718148 28
1679840479106 0.7509603229941488 29
1679840701138 0.789247122114411 30
1679840922842 0.8140137200607116 31
1679841145869 0.7617501609687426 32
1679841368633 0.576341312956716 33
1679841590672 0.8613970334767894 34
1679841813952 0.8682005993397616 35
1679842035862 0.8723398089460418 36
1679842257566 0.8602929674562655 37
1679842479291 0.899680108310223 38
1679842701024 0.8852893923616466 39
1679842922806 0.8844337612871539 40
1679843144668 0.8859771760758249 41
1679843367380 0.8699776948577518 42
1679843589534 0.8699842952185627 43
1679843810529 0.9008293477712459 44
1679844032419 0.8991798895101928 45
1679844254025 0.9170457122651993 46
1679844476621 0.9104390704577873 47
1679844698456 0.9033755662805257 48
1679844920116 0.902360020706173 49
1679845141708 0.9195033841004815 50
1679845364303 0.9153908750296819 51
1679845585544 0.9175600091790576 52
1679845807027 0.9083492131298909 53
1679846029442 0.9312263171315944 54
1679846251349 0.9151751473282487 55
1679846473139 0.9281361824836173 56
1679846694738 0.9299337184896306 57
1679846916493 0.684609764697888 58
1679847137671 0.921566995509338 59
1679847359691 0.9185197154523678 60
1679847581868 0.8185123261607719 61
1679847803207 0.9237933392697443 62
1679848025128 0.9246280002728943 63
1679848246720 0.8994132911979497 64
1679848468566 0.8797940561597158 65
1679848690116 0.93264971529342 66
1679848910892 0.9229052275961953 67
1679849133171 0.9289972820093304 68
1679849354562 0.9299428305435423 69
1679849576869 0.9365038887589016 70
1679849798667 0.9364401486805193 71
1679850019655 0.9341908246470679 72
1679850241079 0.9457628126377481 73
1679850462351 0.9358072722088636 74
1679850684321 0.9330394481251716 75
1679850907078 0.9362304816346668 76
1679851129252 0.9398580505018459 77
1679851350978 0.9363947684044246 78
1679851572466 0.9491675600128242 79
1679851793894 0.9466802402410965 80
1679852015581 0.9540150935702737 81
1679852236377 0.9525541675122534 82
1679852457817 0.9487867826721837 83
1679852680496 0.9432336700621734 84
1679852902375 0.9313821300900766 85
1679853124234 0.9408792023936355 86
1679853345900 0.9450521018609995 87
1679853567727 0.9459027421921506 88
1679853788616 0.884205144923686 89
1679854010383 0.9467313970963779 90
1679854231284 0.9588017035167319 91
1679854453746 0.9515197072210081 92
1679854674954 0.9481730525962394 93
1679854897193 0.9535586624467783 94
1679855118901 0.9582208975773631 95
1679855339796 0.9476640151580007 96
1679855561269 0.9419163752538505 97
1679855782279 0.9540079424951892 98
1679856003882 0.9468284219140939 99
1679856226595 0.948686220897298 100
1679856448330 0.9487487608282364 101
1679856669968 0.9562360069833232 102
1679856891973 0.9608230187655372 103
1679857113683 0.955985469956925 104
1679857335284 0.9575603699617673 105
1679857556620 0.9595659828021267 106
1679857777715 0.9562818900886766 107
1679858000350 0.956678358593131 108
1679858221983 0.9440651354315169 109
1679858444021 0.9505057395547394 110
1679858665393 0.9549337449254606 111
1679858887089 0.954974116793529 112
1679859108406 0.9580809315293591 113
1679859329871 0.958381289500046 114
1679859551910 0.9510331748492132 115
1679859773732 0.9564573749695308 116
1679859994877 0.9599198852300764 117
1679860216764 0.9601656524923995 118
1679860438618 0.9563018618574906 119
1679860659772 0.9496436636857468 120
1679860881322 0.955124702637104 121
1679861103804 0.9649038585506249 122
1679861325121 0.9603503842179828 123
1679861547545 0.9553949111527582 124
1679861769382 0.9605754647413342 125
1679861991343 0.9677280731738637 126
1679862212569 0.9692636946100825 127
1679862434169 0.9671695234233383 128
