1679476343405 0.003311258278145667 1
1679476599279 0.0 2
1679476859413 0.0 3
1679477121075 0.07266959468122323 4
1679477379353 0.11517961933719047 5
1679477641051 0.12252421381490795 6
1679477904368 0.04346256875146523 7
1679478159762 0.17471203655602266 8
1679478411656 0.15068428093041455 9
1679478658947 0.1954651756099777 10
1679478906246 0.476637102031989 11
1679479170027 0.6529765931962993 12
1679479442796 0.3550565748785982 13
1679479698258 0.4911606082697178 14
1679479955861 0.6252142417329227 15
1679480220280 0.7562353998951106 16
1679480465165 0.7249797043462276 17
1679480717233 0.5954454288617996 18
1679480964905 0.697022845083212 19
1679481205902 0.8123506907633772 20
1679481444405 0.7072566775118386 21
1679481696015 0.7096111678032662 22
1679481940821 0.6570376603022761 23
1679482194220 0.7149378301871708 24
1679482447637 0.8237245853918926 25
1679482706433 0.7469249482468738 26
1679482958400 0.806455938868123 27
1679483211093 0.8227160177194675 28
1679483468202 0.7985744718071333 29
1679483735476 0.8764647529352362 30
1679483990346 0.8340025314493287 31
1679484226191 0.8932679850104138 32
1679484495573 0.8844137326011252 33
1679484760767 0.8863307591700368 34
1679485017815 0.8918389307959737 35
1679485288971 0.8899203448752296 36
1679485549809 0.8885118892898581 37
1679485817533 0.9005626147605268 38
1679486082917 0.8868898446358113 39
1679486340985 0.8941629741725209 40
1679486603908 0.8783887682642635 41
1679486863689 0.9093536216640417 42
1679487126974 0.9036753849770676 43
1679487387015 0.9030914675324951 44
1679487656779 0.9137149735977246 45
1679487909442 0.916887644167622 46
1679488156695 0.9071419187985041 47
1679488411575 0.918297315995858 48
1679488657949 0.9185037222288 49
1679488894948 0.9206330437933289 50
1679489135243 0.9245972310512478 51
1679489391568 0.9236393068355947 52
1679489644579 0.9182792134078682 53
1679489893554 0.9137232017204636 54
1679490138962 0.9228147162392809 55
1679490382005 0.9195422275029003 56
1679490627869 0.9277088840477844 57
1679490872509 0.9234840241695165 58
1679491115810 0.92867625104757 59
1679491348032 0.9286688915570563 60
1679491586038 0.9228246028789804 61
1679491819346 0.9282520043053142 62
1679492047181 0.926894025506048 63
1679492273961 0.9285084486894121 64
1679492334746 0.9277797717368457 64
