1679476343403 0.00037295776483266783 1
1679476599278 0.0 2
1679476859411 0.0 3
1679477121074 0.005846547751675563 4
1679477379352 0.010504138894508547 5
1679477641047 0.007670603897971856 6
1679477904366 0.004454735703263357 7
1679478159760 0.02899434962235432 8
1679478411655 0.04168734567323384 9
1679478658946 0.07374455219801167 10
1679478906245 0.16665795623461893 11
1679479170026 0.23465715610559532 12
1679479442795 0.08544675081615836 13
1679479698257 0.18013814187471044 14
1679479955860 0.3385631043774988 15
1679480220279 0.49705081799659956 16
1679480465163 0.4764344398959143 17
1679480717231 0.3815115736193818 18
1679480964903 0.3819236690880405 19
1679481205900 0.47757551636572526 20
1679481444403 0.4038351329607385 21
1679481696013 0.2597888273827543 22
1679481940820 0.4820121945929097 23
1679482194218 0.43862527356799336 24
1679482447636 0.45957489125111034 25
1679482706431 0.35739038753488583 26
1679482958399 0.39215733726238333 27
1679483211092 0.48092737525260737 28
1679483468201 0.36843442329704357 29
1679483735474 0.496044356062564 30
1679483990345 0.5371159741939786 31
1679484226190 0.5214493771525045 32
1679484495571 0.63671733436888 33
1679484760766 0.54815119415211 34
1679485017813 0.6587749709798725 35
1679485288970 0.6341970331960354 36
1679485549807 0.6281512937167661 37
1679485817532 0.654088584761199 38
1679486082915 0.5520232290675862 39
1679486340984 0.6190075895187634 40
1679486603906 0.5810468306971004 41
1679486863687 0.6001044158497534 42
1679487126972 0.6614725142780156 43
1679487387014 0.6459926610024361 44
1679487656778 0.6100476462412194 45
1679487909441 0.6681776010203035 46
1679488156693 0.6808740195406245 47
1679488411574 0.6825334927494934 48
1679488657947 0.6747197609290344 49
1679488894947 0.712379557461693 50
1679489135241 0.6742033231029385 51
1679489391567 0.6977375262164076 52
1679489644577 0.6917447967933992 53
1679489893553 0.7106211926606524 54
1679490138961 0.7106438389876554 55
1679490382004 0.715829582962951 56
1679490627868 0.7074437400933402 57
1679490872508 0.7077933838746572 58
1679491115809 0.7203914434452428 59
1679491348030 0.7180475832971861 60
1679491586037 0.723953881567332 61
1679491819345 0.7296293236576706 62
1679492047180 0.728418228916023 63
1679492273960 0.7326781176987873 64
1679492334743 0.7298771366026787 64
