1679476343406 0.001985440105890139 1
1679476599281 0.0 2
1679476859415 0.0 3
1679477121077 0.1341352806969979 4
1679477379354 0.07853353468042973 5
1679477641056 0.12559353976380497 6
1679477904370 0.02779068892900766 7
1679478159764 0.20695263224240334 8
1679478411658 0.10190548519202762 9
1679478658948 0.11603538689380034 10
1679478906247 0.39919311648963535 11
1679479170030 0.6531293375533553 12
1679479442797 0.24138228351029245 13
1679479698259 0.3433989445616749 14
1679479955863 0.5290423607436172 15
1679480220281 0.6484600464975655 16
1679480465167 0.6067972911996301 17
1679480717234 0.446463177607727 18
1679480964906 0.5857598556084064 19
1679481205903 0.7615357852029637 20
1679481444406 0.5727806908801751 21
1679481696016 0.6054081353617704 22
1679481940822 0.5183628133033723 23
1679482194222 0.5965152034695588 24
1679482447638 0.7641430567897498 25
1679482706434 0.649498693948744 26
1679482958402 0.745161770299197 27
1679483211094 0.7654797871230276 28
1679483468204 0.7102658300374706 29
1679483735477 0.835275556309306 30
1679483990347 0.7830660860524404 31
1679484226192 0.887929456011257 32
1679484495574 0.8555592846131851 33
1679484760769 0.8591545273750358 34
1679485017817 0.8815385447058482 35
1679485288972 0.8765974297826663 36
1679485549810 0.9154338155188112 37
1679485817535 0.8936774957295289 38
1679486082918 0.8818119322182228 39
1679486340986 0.8739962025132659 40
1679486603909 0.8590017474346329 41
1679486863690 0.9067619675305644 42
1679487126976 0.9156324565981474 43
1679487387016 0.8731006366103135 44
1679487656781 0.8962319236204737 45
1679487909443 0.9032886436279904 46
1679488156696 0.9210074203658876 47
1679488411577 0.9082480697792126 48
1679488657950 0.9272163024466922 49
1679488894949 0.9064979430567459 50
1679489135244 0.9341036138586238 51
1679489391569 0.9220350365806559 52
1679489644580 0.9116032442815049 53
1679489893555 0.8931961384118569 54
1679490138964 0.9060613209332187 55
1679490382007 0.9064069418050708 56
1679490627870 0.935273368632593 57
1679490872510 0.9250464067996418 58
1679491115811 0.9222273805549458 59
1679491348033 0.9222128653993104 60
1679491586040 0.9178406063041671 61
1679491819347 0.9159168968597359 62
1679492047182 0.9170769383485009 63
1679492273962 0.9173234198130438 64
1679492334793 0.9144835310422835 64
