1679476343407 0.009966777408637873 1
1679476599282 0.0 2
1679476859417 0.0 3
1679477121079 0.04983388704318937 4
1679477379355 0.2159468438538206 5
1679477641058 0.11960132890365449 6
1679477904372 0.09966777408637874 7
1679478159765 0.1511627906976744 8
1679478411660 0.28903654485049834 9
1679478658949 0.6196013289036545 10
1679478906249 0.5913621262458472 11
1679479170033 0.6528239202657807 12
1679479442799 0.6710963455149501 13
1679479698260 0.8621262458471761 14
1679479955865 0.7641196013289037 15
1679480220283 0.9069767441860465 16
1679480465168 0.9003322259136213 17
1679480717236 0.8936521124907043 18
1679480964908 0.8604651162790697 19
1679481205904 0.8704318936877077 20
1679481444408 0.9242496474442616 21
1679481696018 0.8571428571428571 22
1679481940823 0.8970099667774086 23
1679482194224 0.8920265780730897 24
1679482447640 0.8933831857856211 25
1679482706435 0.8787375415282392 26
1679482958403 0.8787375415282392 27
1679483211095 0.8892032639099078 28
1679483468205 0.9119601328903655 29
1679483735478 0.9219269102990033 30
1679483990348 0.8920265780730897 31
1679484226194 0.8986710963455149 32
1679484495575 0.915282392026578 33
1679484760770 0.915282392026578 34
1679485017818 0.9023828736049055 35
1679485288974 0.9036544850498339 36
1679485549811 0.8631282146569169 37
1679485817536 0.9075546468983953 38
1679486082919 0.8920265780730897 39
1679486340987 0.915282392026578 40
1679486603911 0.8986710963455149 41
1679486863692 0.9119601328903655 42
1679487126977 0.8920265780730897 43
1679487387017 0.9352159468438538 44
1679487656782 0.9318936877076412 45
1679487909444 0.9309023690378977 46
1679488156697 0.893687707641196 47
1679488411578 0.9285714285714286 48
1679488657951 0.9099533531691681 49
1679488894950 0.9352159468438538 50
1679489135245 0.915282392026578 51
1679489391570 0.925249169435216 52
1679489644581 0.9250536845133405 53
1679489893556 0.9352159468438538 54
1679490138965 0.9401993355481728 55
1679490382008 0.9330638138947772 56
1679490627871 0.920265780730897 57
1679490872511 0.9219269102990033 58
1679491115812 0.9352159468438538 59
1679491348034 0.9352159468438538 60
1679491586041 0.9278630225068626 61
1679491819349 0.9409238933847777 62
1679492047183 0.9369235660200008 63
1679492273964 0.9399696050805542 64
1679492334838 0.9414683615435209 64
