1679476343412 0.003249830737982392 1
1679476599286 0.0025987525987525937 2
1679476859424 0.0015856236786469247 3
1679477121083 0.0 4
1679477379358 0.0 5
1679477641062 0.0 6
1679477904379 0.031837745485747936 7
1679478159770 0.039506613791551445 8
1679478411665 0.00633983261278775 9
1679478658953 0.0 10
1679478906253 0.0 11
1679479170039 0.0 12
1679479442802 0.30961661056994433 13
1679479698264 0.30890946198551533 14
1679479955869 0.39795581559153603 15
1679480220287 0.35667183652294865 16
1679480465172 0.38245987363587763 17
1679480717241 0.3767835032642736 18
1679480964911 0.3915004970333331 19
1679481205908 0.417757491062631 20
1679481444411 0.4294095829699917 21
1679481696021 0.44730840848525316 22
1679481940826 0.4501437343754203 23
1679482194230 0.47990491685064124 24
1679482447643 0.48040110005302494 25
1679482706439 0.47341537889679314 26
1679482958407 0.4761688095199589 27
1679483211100 0.5302970282097496 28
1679483468208 0.6065483414745417 29
1679483735483 0.589914007343066 30
1679483990351 0.6767612252670385 31
1679484226197 0.7405487669919414 32
1679484495579 0.7455995919986769 33
1679484760774 0.7899414089587649 34
1679485017822 0.8213010259625406 35
1679485288977 0.7980772852246679 36
1679485549816 0.8454285797477142 37
1679485817540 0.8175724694492433 38
1679486082922 0.8371133514677654 39
1679486340992 0.8383651086443675 40
1679486603914 0.8778119381530691 41
1679486863695 0.8687796561910247 42
1679487126981 0.8963664025151779 43
1679487387021 0.8706627041811092 44
1679487656785 0.8856402219949795 45
1679487909448 0.8928929477772198 46
1679488156702 0.8892287183660588 47
1679488411582 0.8803735825227808 48
1679488657954 0.893570858654517 49
1679488894954 0.8926343700705027 50
1679489135250 0.9040311554104177 51
1679489391574 0.8977707184557678 52
1679489644585 0.9167804437188657 53
1679489893560 0.9043006065945384 54
1679490138968 0.9004574862689885 55
1679490382011 0.8924440571465385 56
1679490627874 0.9028243954121447 57
1679490872515 0.9022171052227134 58
1679491115817 0.91085482006735 59
1679491348037 0.9122031771092053 60
1679491586044 0.9234588025584708 61
1679491819352 0.9260723493425225 62
1679492047187 0.9219390237332142 63
1679492273968 0.9144637670207201 64
1679492334881 0.924625861064292 64
