1679476343413 0.0016692168590902768 1
1679476599287 0.0013333333333333333 2
1679476859425 0.0008361204013377926 3
1679477121084 1.0 4
1679477379360 1.0 5
1679477641063 1.0 6
1679477904381 0.033165458940319095 7
1679478159771 0.044199998903548754 8
1679478411667 0.11202962267230109 9
1679478658954 1.0 10
1679478906254 1.0 11
1679479170041 1.0 12
1679479442803 0.282947174124043 13
1679479698265 0.2514095502721821 14
1679479955870 0.3327715037521363 15
1679480220289 0.3198584742919492 16
1679480465173 0.32150331511894253 17
1679480717243 0.32593589014316005 18
1679480964914 0.31760648227484456 19
1679481205909 0.3345263235909564 20
1679481444413 0.3594588215269417 21
1679481696022 0.36438955294407765 22
1679481940828 0.36129626431914497 23
1679482194231 0.38195855580426424 24
1679482447644 0.3901391849102535 25
1679482706440 0.4209528025816047 26
1679482958408 0.4139529878007549 27
1679483211101 0.5201791392380218 28
1679483468210 0.6457081085229571 29
1679483735484 0.638134061192359 30
1679483990352 0.9368358929950409 31
1679484226198 0.9309739519222876 32
1679484495581 0.9858823666764318 33
1679484760775 0.9884996000184988 34
1679485017823 0.965530040102271 35
1679485288978 0.9638895264423676 36
1679485549818 0.9580046733345873 37
1679485817541 0.9202114020021236 38
1679486082923 0.8924154834584229 39
1679486340994 0.9268452217303189 40
1679486603915 0.8995024759548662 41
1679486863696 0.9004220333824995 42
1679487126982 0.9040036573431227 43
1679487387022 0.8760387095519746 44
1679487656787 0.8914511076506006 45
1679487909449 0.87891381448251 46
1679488156703 0.9122431579434741 47
1679488411583 0.9077593107506141 48
1679488657955 0.9190968941393646 49
1679488894955 0.8990744455447054 50
1679489135251 0.9075797483151117 51
1679489391575 0.9304064249060615 52
1679489644587 0.9126795392692334 53
1679489893561 0.9187420677695919 54
1679490138969 0.9068576094514736 55
1679490382013 0.9033130137331696 56
1679490627876 0.9156997185624867 57
1679490872517 0.9226680839632985 58
1679491115818 0.9241262428971635 59
1679491348039 0.9263550598478922 60
1679491586045 0.9278863874075755 61
1679491819353 0.9238385433668895 62
1679492047188 0.9167616850014854 63
1679492273969 0.9092169508112328 64
1679492334890 0.9232355079059064 64
