1679476343414 0.061224489795918366 1
1679476599289 0.05102040816326531 2
1679476859427 0.015306122448979591 3
1679477121085 0.0 4
1679477379361 0.0 5
1679477641064 0.0 6
1679477904382 0.030612244897959183 7
1679478159773 0.03571428571428571 8
1679478411668 0.0032622219879448323 9
1679478658955 0.0 10
1679478906255 0.0 11
1679479170043 0.0 12
1679479442805 0.34183673469387754 13
1679479698266 0.4005102040816326 14
1679479955872 0.49489795918367346 15
1679480220290 0.4030612244897959 16
1679480465174 0.4719387755102041 17
1679480717245 0.44642857142857145 18
1679480964916 0.5102040816326531 19
1679481205910 0.5561224489795918 20
1679481444414 0.5331632653061225 21
1679481696023 0.5790816326530612 22
1679481940829 0.5969387755102041 23
1679482194233 0.6454081632653061 24
1679482447645 0.625 25
1679482706441 0.5408163265306123 26
1679482958410 0.5603942955309276 27
1679483211102 0.5408163265306123 28
1679483468212 0.5718667735357188 29
1679483735485 0.548469387755102 30
1679483990354 0.5297089253139028 31
1679484226199 0.6147959183673469 32
1679484495582 0.5994897959183674 33
1679484760776 0.6578085520878624 34
1679485017824 0.714561245977204 35
1679485288979 0.6809393049928281 36
1679485549819 0.7565281904866789 37
1679485817542 0.7355323481196645 38
1679486082924 0.7882653061224489 39
1679486340995 0.7653061224489796 40
1679486603916 0.8571428571428571 41
1679486863698 0.8392857142857143 42
1679487126983 0.8888571096084857 43
1679487387023 0.865352278459093 44
1679487656788 0.8799046017408904 45
1679487909450 0.9073239444829395 46
1679488156704 0.8673469387755102 47
1679488411584 0.8545918367346939 48
1679488657957 0.8694243757236878 49
1679488894956 0.8862858990292509 50
1679489135253 0.9005102040816326 51
1679489391578 0.8673469387755102 52
1679489644588 0.9209183673469388 53
1679489893562 0.8903061224489796 54
1679490138970 0.894147067395128 55
1679490382014 0.8818335484862883 56
1679490627877 0.8903061224489796 57
1679490872518 0.8826530612244898 58
1679491115819 0.8979591836734694 59
1679491348040 0.8984771833799046 60
1679491586046 0.9190732711552639 61
1679491819354 0.9283169840149583 62
1679492047189 0.927175171803767 63
1679492273970 0.9197714902873818 64
1679492334938 0.9260204081632653 64
