1679476343411 0.00029632336589862203 1
1679476599285 0.00023842572040571916 2
1679476859421 0.0001316072307569024 3
1679477121082 0.0003006383427351962 4
1679477379357 0.001140460797346425 5
1679477641061 0.004306895354690191 6
1679477904377 0.0016290301160478589 7
1679478159769 0.002627411767580663 8
1679478411664 0.004666983934820755 9
1679478658951 0.02625326341372768 10
1679478906251 0.015246360981823203 11
1679479170037 0.028895261595680944 12
1679479442801 0.07524898951368177 13
1679479698263 0.0804061063721713 14
1679479955867 0.1273868346931498 15
1679480220286 0.1205718550263131 16
1679480465171 0.13199784052354954 17
1679480717239 0.1528169545812988 18
1679480964910 0.1387770676942463 19
1679481205906 0.15487606294416478 20
1679481444410 0.1426409860049425 21
1679481696020 0.16814849646090113 22
1679481940825 0.15494014154939978 23
1679482194228 0.21754818791729144 24
1679482447642 0.2010002734845891 25
1679482706438 0.26646902827968266 26
1679482958405 0.2597008723659552 27
1679483211098 0.3341369532702737 28
1679483468207 0.3389723067542343 29
1679483735481 0.35043909387084793 30
1679483990350 0.4554291312067614 31
1679484226196 0.48998371586211426 32
1679484495578 0.46087008072425373 33
1679484760772 0.5018174010194458 34
1679485017821 0.4913052297340446 35
1679485288976 0.47210154180981523 36
1679485549814 0.5300820342326633 37
1679485817538 0.5541791734119219 38
1679486082921 0.4430026884501004 39
1679486340990 0.5142044143541337 40
1679486603913 0.48022201186479707 41
1679486863694 0.6121951941495817 42
1679487126980 0.6447774979265553 43
1679487387019 0.5712523087876421 44
1679487656784 0.6264656699111331 45
1679487909447 0.6105534325214855 46
1679488156700 0.6215343794733067 47
1679488411581 0.6233806785544634 48
1679488657953 0.6422907185639217 49
1679488894953 0.6287775442416488 50
1679489135248 0.6287413849850685 51
1679489391573 0.6465141906815723 52
1679489644584 0.6622250672534802 53
1679489893559 0.6629980578526816 54
1679490138967 0.6562841126587375 55
1679490382010 0.6717805346657576 56
1679490627873 0.6740623571216461 57
1679490872513 0.6752933470774944 58
1679491115815 0.6897364542445752 59
1679491348036 0.6855536165811115 60
1679491586043 0.6942954277704926 61
1679491819351 0.6955989086056578 62
1679492047186 0.6997251861900597 63
1679492273967 0.6930239883278634 64
1679492334868 0.6956234913245116 64
