1679476343417 0.0 1
1679476599291 0.0 2
1679476859429 0.0002677102448026567 3
1679477121088 0.000258394714643996 4
1679477379363 0.0010705799201423108 5
1679477641067 0.0031665430598147985 6
1679477904385 0.0012288269703689193 7
1679478159775 0.005058790009021624 8
1679478411671 0.017210055771094673 9
1679478658958 0.0654917255131386 10
1679478906257 0.034452963738485075 11
1679479170045 0.046139008051667874 12
1679479442807 0.16861890722178913 13
1679479698270 0.17231387084607186 14
1679479955875 0.23987549625089785 15
1679480220293 0.2342202908231278 16
1679480465177 0.27135887341084713 17
1679480717248 0.3547309923997543 18
1679480964919 0.21821952628174887 19
1679481205912 0.2662482092067796 20
1679481444416 0.30392843250490625 21
1679481696025 0.282472777326622 22
1679481940834 0.3344566688939979 23
1679482194236 0.3290984814343222 24
1679482447647 0.3526320106817683 25
1679482706444 0.38529256252895794 26
1679482958413 0.39324325055841924 27
1679483211104 0.44200477478431865 28
1679483468215 0.4483387696484423 29
1679483735488 0.4523256818159216 30
1679483990356 0.5306886198050281 31
1679484226202 0.5215789477651783 32
1679484495584 0.5292137783694613 33
1679484760778 0.5221080884303234 34
1679485017827 0.5902051516955948 35
1679485288982 0.49062162881919474 36
1679485549823 0.5030135812102863 37
1679485817545 0.6136024679768826 38
1679486082927 0.41921459757243185 39
1679486340998 0.47995437477596753 40
1679486603919 0.5412799237671153 41
1679486863700 0.572689722704768 42
1679487126985 0.6510478403097006 43
1679487387026 0.6188638757250573 44
1679487656790 0.6452824632985702 45
1679487909452 0.5923962039094935 46
1679488156707 0.6618451398985854 47
1679488411587 0.6552897755323346 48
1679488657959 0.6472683651230426 49
1679488894958 0.6747237298234465 50
1679489135255 0.6487705303064817 51
1679489391580 0.6897223629687654 52
1679489644590 0.6795118646581344 53
1679489893564 0.702153259910294 54
1679490138972 0.6930646020982548 55
1679490382016 0.6922124363535568 56
1679490627879 0.6951557301271323 57
1679490872521 0.706715946912593 58
1679491115821 0.7109569212996345 59
1679491348042 0.7094524003809133 60
1679491586048 0.7076495778133151 61
1679491819357 0.7273196831650575 62
1679492047191 0.7212915687831589 63
1679492273972 0.7250814817942935 64
1679492335045 0.7275872157030203 64
