1679476343422 0.0 1
1679476599292 0.0 2
1679476859430 0.0037016091717649428 3
1679477121089 0.0 4
1679477379364 0.0 5
1679477641068 0.0 6
1679477904386 0.017701261315480145 7
1679478159776 0.06961261246261131 8
1679478411673 0.14966836558313834 9
1679478658959 0.3047101109116882 10
1679478906258 0.1988128951947923 11
1679479170047 0.26005191418397566 12
1679479442808 0.27702624206319687 13
1679479698271 0.38028673851672673 14
1679479955877 0.5146082250093854 15
1679480220294 0.49548040672414917 16
1679480465179 0.586054198144945 17
1679480717250 0.6061455491343833 18
1679480964921 0.4818262088555218 19
1679481205913 0.5279834262562628 20
1679481444417 0.6096866906808066 21
1679481696027 0.5974653331133557 22
1679481940835 0.6313661584999969 23
1679482194238 0.5756762059904202 24
1679482447648 0.636476297407275 25
1679482706445 0.6435212738074333 26
1679482958415 0.6269682742601537 27
1679483211106 0.6763974246384695 28
1679483468216 0.6769637736655246 29
1679483735490 0.7090766705304485 30
1679483990357 0.7303491322569818 31
1679484226203 0.7106893495985085 32
1679484495586 0.7715377323810549 33
1679484760779 0.8068470101240375 34
1679485017828 0.8628591491167447 35
1679485288983 0.813729042151924 36
1679485549825 0.813758867604555 37
1679485817546 0.8755666736169834 38
1679486082929 0.872253857161952 39
1679486340999 0.8719061415617447 40
1679486603920 0.8865567941933921 41
1679486863701 0.858571017619629 42
1679487126987 0.9082735572686321 43
1679487387027 0.90119491078316 44
1679487656791 0.9057925973320354 45
1679487909453 0.9204993227871995 46
1679488156709 0.9222120765986065 47
1679488411588 0.925031038246744 48
1679488657960 0.919264282177156 49
1679488894960 0.9206718150352691 50
1679489135256 0.9280602844961168 51
1679489391581 0.9223247469242264 52
1679489644591 0.9293235235145049 53
1679489893566 0.9190211806146037 54
1679490138973 0.9239929754325992 55
1679490382017 0.9285519075044973 56
1679490627881 0.9290642702043306 57
1679490872522 0.9302632362934781 58
1679491115822 0.9337961223384537 59
1679491348043 0.9311239041380708 60
1679491586049 0.9358631395333268 61
1679491819359 0.9393365535888724 62
1679492047192 0.9350801604400371 63
1679492273973 0.9342923608706374 64
1679492335072 0.938972089909046 64
