1679476343424 0.0 1
1679476599295 0.0 2
1679476859434 0.0683111954459203 3
1679477121092 0.0 4
1679477379366 0.0 5
1679477641071 0.0 6
1679477904389 0.020872865275142316 7
1679478159779 0.0967741935483871 8
1679478411676 0.13851992409867173 9
1679478658961 0.3315117484923788 10
1679478906261 0.18975332068311196 11
1679479170051 0.5028462998102466 12
1679479442811 0.8121442125237192 13
1679479698273 0.8081644591311363 14
1679479955881 0.7836812144212524 15
1679480220296 0.7817836812144212 16
1679480465182 0.8026565464895635 17
1679480717253 0.8178368121442126 18
1679480964924 0.7988614800759013 19
1679481205916 0.8500948766603416 20
1679481444419 0.8709677419354839 21
1679481696029 0.8671726755218216 22
1679481940837 0.8727273791231154 23
1679482194241 0.8918406072106262 24
1679482447651 0.8937381404174574 25
1679482706449 0.7893738140417458 26
1679482958418 0.8538899430740038 27
1679483211108 0.8671726755218216 28
1679483468218 0.8349146110056926 29
1679483735494 0.8425047438330171 30
1679483990359 0.8235294117647058 31
1679484226206 0.8576803796750346 32
1679484495588 0.7950664136622391 33
1679484760782 0.8595825426944972 34
1679485017831 0.8747628083491461 35
1679485288987 0.8197343453510436 36
1679485549829 0.8633776091081594 37
1679485817548 0.8652751423149905 38
1679486082931 0.8659104646859944 39
1679486341002 0.857685009487666 40
1679486603922 0.8956356736242884 41
1679486863703 0.8920655277858596 42
1679487126989 0.9089184060721063 43
1679487387030 0.9041981733889852 44
1679487656793 0.9070208728652751 45
1679487909456 0.9259962049335864 46
1679488156713 0.9297912713472486 47
1679488411591 0.9095047693745623 48
1679488657962 0.9216083524748211 49
1679488894962 0.919367360349026 50
1679489135258 0.9222011385199241 51
1679489391583 0.922430564340995 52
1679489644594 0.937381404174573 53
1679489893568 0.9211574341536972 54
1679490138976 0.9434557472665807 55
1679490382020 0.937381404174573 56
1679490627884 0.9119720331551118 57
1679490872524 0.9356240748953724 58
1679491115825 0.9323180172034405 59
1679491348045 0.9392789373814042 60
1679491586052 0.939534316295529 61
1679491819362 0.9487666034155597 62
1679492047195 0.9413904066052329 63
1679492273976 0.9449715370018975 64
1679492335123 0.9487666034155597 64
