1679476343423 0.0 1
1679476599293 0.0 2
1679476859432 0.0019023462270133164 3
1679477121091 1.0 4
1679477379365 1.0 5
1679477641070 1.0 6
1679477904387 0.01536636300972237 7
1679478159778 0.05435641526226962 8
1679478411674 0.1627683859451004 9
1679478658960 0.2819179678401434 10
1679478906260 0.20878092273345047 11
1679479170049 0.1753742055121765 12
1679479442810 0.16699441433921097 13
1679479698272 0.24864380146912357 14
1679479955879 0.38307973243719173 15
1679480220295 0.36266569334034787 16
1679480465180 0.4615120271432695 17
1679480717251 0.48151007783376343 18
1679480964922 0.3449354950613031 19
1679481205915 0.38289846698409424 20
1679481444418 0.4689936023461901 21
1679481696028 0.45572584905720004 22
1679481940836 0.49458412275311 23
1679482194240 0.42500768914370163 24
1679482447650 0.4942164645133794 25
1679482706446 0.5431613854761325 26
1679482958416 0.49533322748271763 27
1679483211107 0.5544255532811289 28
1679483468217 0.5692684207075052 29
1679483735493 0.6121327699755257 30
1679483990358 0.6561117407143361 31
1679484226205 0.6067101196254633 32
1679484495587 0.7493616095167275 33
1679484760781 0.7602081152743251 34
1679485017829 0.851275107481945 35
1679485288985 0.8078110877111611 36
1679485549827 0.7695333995937784 37
1679485817547 0.8861059654963153 38
1679486082930 0.8786908749742096 39
1679486341000 0.8866068213743431 40
1679486603921 0.8776601292553264 41
1679486863702 0.8275007309835284 42
1679487126988 0.9076296228160338 43
1679487387028 0.8982115325953302 44
1679487656792 0.9045676439286062 45
1679487909455 0.9150673165132164 46
1679488156711 0.9147554463964604 47
1679488411589 0.9410966154467115 48
1679488657961 0.9169321057074086 49
1679488894961 0.9219799766614573 50
1679489135257 0.9339943579379275 51
1679489391582 0.9222189537825451 52
1679489644592 0.9214029958114662 53
1679489893567 0.9168948125090272 54
1679490138975 0.9053169773078105 55
1679490382019 0.9198871944178221 56
1679490627882 0.9468094319672773 57
1679490872523 0.9249634796284 58
1679491115823 0.9352789217173683 59
1679491348044 0.9231092597118199 60
1679491586051 0.9322205409312786 61
1679491819361 0.9300921145956875 62
1679492047193 0.9288539475749112 63
1679492273974 0.923851859395871 64
1679492335112 0.9293777357729379 64
