1680871484930 0.0003309382651331836 0
1680871488787 0.0003821982155392798 1
1680871495353 0.0013548552436815598 3
1680871499321 0.0024376794994465864 4
1680871507018 0.005603350810977297 5
1680871516681 0.008035932288503559 6
1680871529093 0.015073640317576109 7
1680871532437 0.09940130029576881 8
1680871535258 0.13964127067588974 9
1680871540543 0.17124328920653942 11
1680871548176 0.22168238893975759 14
1680871550677 0.2520516339653433 15
1680871553081 0.2856572345827122 16
1680871555468 0.3125905531300201 17
1680871560270 0.36214474580787903 19
1680871576842 0.35684135553944873 26
1680871579231 0.43181671662469284 27
1680871581630 0.4871154744250197 28
1680871591077 0.48310248402707495 32
1680871595835 0.5598569325769696 34
1680871602842 0.5669163082819103 37
1680871614543 0.575311920942549 42
1680871619279 0.6136874984744665 44
1680871621652 0.6208451440975981 45
1680871631091 0.6614998254301283 49
1680871645132 0.6749442152831143 55
1680871652115 0.6978446444549459 58
1680871654517 0.6977130737917939 59
1680871659213 0.7017798084726304 61
1680871671019 0.7232818655421354 66
1680871699018 0.7253883662997377 78
1680871701384 0.7324382184161445 79
1680871708373 0.7357661100778118 82
1680871710749 0.7422306535875767 83
1680871713103 0.7466322701575129 84
1680871727113 0.7505809060324435 90
1680871729537 0.7538344765950552 91
1680871736612 0.7551839249146473 94
1680871745975 0.757702201670206 98
1680871755357 0.7642572916250469 102
1680871764670 0.7711673975721425 106
1680871769446 0.7746833330755615 108
1680871776429 0.7818898093912897 111
1680871788113 0.7819812798864977 116
1680871792782 0.7852093489496813 118
1680871795151 0.7852560816435741 119
1680871797502 0.7866920962018739 120
1680871802153 0.7871367433104092 122
1680871809178 0.7875671272010244 125
1680871811538 0.7898257108878971 126
