1680871484930 0.001344093467670594 0
1680871488787 0.002275506137873614 1
1680871495353 0.007270130801843174 3
1680871499321 0.6936507936507935 4
1680871507018 0.7003125279717167 5
1680871516681 0.7066593251739123 6
1680871529093 0.05571027543180863 7
1680871532437 0.3037892260842859 8
1680871535258 0.24950177954100794 9
1680871540543 0.3283646411014709 11
1680871548176 0.4564835020140281 14
1680871550677 0.4501688984420573 15
1680871553081 0.38697793976120254 16
1680871555468 0.5436748349737316 17
1680871560270 0.5074119530037199 19
1680871576842 0.5338425340173552 26
1680871579231 0.6487718754552597 27
1680871581630 0.7072361747085022 28
1680871591077 0.7923216698837643 32
1680871595835 0.8610818664901642 34
1680871602842 0.91095408965896 37
1680871614543 0.8419750045470099 42
1680871619279 0.9159488736321736 44
1680871621652 0.9183549240349104 45
1680871631091 0.925742546092085 49
1680871645132 0.9493679350071864 55
1680871652115 0.9329555644511252 58
1680871654517 0.9518190720291552 59
1680871659213 0.9430867269388594 61
1680871671019 0.9603041918452635 66
1680871699018 0.9580595165528484 78
1680871701384 0.9559938072064446 79
1680871708373 0.9597178540918097 82
1680871710749 0.9583615366617045 83
1680871713103 0.958382670282886 84
1680871727113 0.9553665819783522 90
1680871729537 0.9439635480369238 91
1680871736612 0.9531973377439446 94
1680871745975 0.9566662524011011 98
1680871755357 0.956823224631662 102
1680871764670 0.9509163026966925 106
1680871769446 0.9558809026073846 108
1680871776429 0.9505603586594961 111
1680871788113 0.9604650744052105 116
1680871792782 0.9579191343050981 118
1680871795151 0.9558000275490824 119
1680871797502 0.9587029919582183 120
1680871802153 0.9568808840589879 122
1680871809178 0.9588002970092148 125
1680871811538 0.9536089329669615 126
