1680871484930 0.14476055322791367 0
1680871488787 0.15964757711867375 1
1680871495353 0.0750551876379691 3
1680871499321 0.018763796909492276 4
1680871507018 0.1098233995584989 5
1680871516681 0.0797546995118739 6
1680871529093 0.40255979731910974 7
1680871532437 0.3041571905219862 8
1680871535258 0.5616887455397469 9
1680871540543 0.6297182355989929 11
1680871548176 0.6998466004754457 14
1680871550677 0.7091563543265674 15
1680871553081 0.7098185041717264 16
1680871555468 0.7326451258685531 17
1680871560270 0.7718433657512861 19
1680871576842 0.769376513293624 26
1680871579231 0.7935135409839962 27
1680871581630 0.7571325774892438 28
1680871591077 0.8203712793821127 32
1680871595835 0.7678106963150366 34
1680871602842 0.837270424853435 37
1680871614543 0.8612079321140991 42
1680871619279 0.8864615043156183 44
1680871621652 0.8957404466177831 45
1680871631091 0.9110336936458155 49
1680871645132 0.9259207253563124 55
1680871652115 0.9154385869747053 58
1680871654517 0.9257941343933839 59
1680871659213 0.9288217429753306 61
1680871671019 0.9251539645003698 66
1680871699018 0.9451923430922434 78
1680871701384 0.9446544456499611 79
1680871708373 0.9458241665512596 82
1680871710749 0.939498836127456 83
1680871713103 0.9428041395624708 84
1680871727113 0.9490789076289382 90
1680871729537 0.9550824301194645 91
1680871736612 0.9452183283583193 94
1680871745975 0.9488664501721532 98
1680871755357 0.9555693005914949 102
1680871764670 0.9623668955518196 106
1680871769446 0.9552965014161634 108
1680871776429 0.9561982485558372 111
1680871788113 0.9525422234582699 116
1680871792782 0.9534534189856435 118
1680871795151 0.9530796153892128 119
1680871797502 0.9539240022104684 120
1680871802153 0.955000573764571 122
1680871809178 0.9562833432373612 125
1680871811538 0.9589585373920192 126
