1680871844038 0.11274001002311707 0
1680871847870 0.10625509172677994 1
1680871851126 0.09916377067565918 2
1680871854060 0.0940927192568779 3
1680871857091 0.09152819216251373 4
1680871859814 0.08755308389663696 5
1680871862261 0.08459015935659409 6
1680871864965 0.08295311033725739 7
1680871867613 0.07848138362169266 8
1680871871018 0.07630855590105057 9
1680871874036 0.07171670347452164 10
1680871876668 0.07010813802480698 11
1680871879402 0.0686974972486496 12
1680871882107 0.06762294471263885 13
1680871884811 0.06435713917016983 14
1680871887255 0.06272540241479874 15
1680871889641 0.06150863319635391 16
1680871891905 0.060674943029880524 17
1680871894242 0.05994628369808197 18
1680871896537 0.05772361159324646 19
1680871898851 0.05918806046247482 20
1680871901083 0.055432628840208054 21
1680871903382 0.0569726936519146 22
1680871905736 0.05430013686418533 23
1680871908014 0.05389644205570221 24
1680871910254 0.05457306653261185 25
1680871912484 0.052836138755083084 26
1680871914750 0.053383346647024155 27
1680871916991 0.05192091688513756 28
1680871919305 0.050616517663002014 29
1680871921670 0.05262456834316254 30
1680871923969 0.050822824239730835 31
1680871926283 0.05109795555472374 32
1680871928553 0.04910992085933685 33
1680871930817 0.049183644354343414 34
1680871933043 0.04892544448375702 35
1680871935239 0.04832654073834419 36
1680871937578 0.04655639827251434 37
1680871939846 0.045131292194128036 38
1680871942138 0.04698251932859421 39
1680871944344 0.0472881905734539 40
1680871946556 0.04580813646316528 41
1680871948795 0.0475664921104908 42
1680871951039 0.044041767716407776 43
1680871953244 0.044562630355358124 44
1680871955504 0.04383368045091629 45
1680871957690 0.0446624681353569 46
1680871959926 0.04365818575024605 47
1680871962136 0.04295387864112854 48
1680871964349 0.043807823210954666 49
1680871966539 0.04211648181080818 50
1680871968729 0.043081656098365784 51
1680871970908 0.041134919971227646 52
1680871973233 0.040228016674518585 53
1680871975472 0.04039240628480911 54
1680871977686 0.04028644040226936 55
1680871979859 0.04033656790852547 56
1680871982045 0.04011649638414383 57
1680871984227 0.039541203528642654 58
1680871986408 0.03847333788871765 59
1680871988577 0.03945433720946312 60
1680871990840 0.03880486637353897 61
1680871993073 0.038413576781749725 62
1680871995255 0.038668204098939896 63
1680871997493 0.03758113086223602 64
1680871999724 0.03726722672581673 65
1680872001898 0.037237562239170074 66
1680872004088 0.037311188876628876 67
1680872006414 0.03672561049461365 68
1680872008607 0.036630284041166306 69
1680872010794 0.03732578828930855 70
1680872012994 0.03562939167022705 71
1680872015171 0.03699908033013344 72
1680872017359 0.035616934299468994 73
1680872019546 0.03586520254611969 74
1680872021726 0.0350048691034317 75
1680872023912 0.035421885550022125 76
1680872026190 0.03417271003127098 77
1680872028398 0.0348178893327713 78
1680872030635 0.03522135317325592 79
1680872032862 0.03507644683122635 80
1680872035045 0.03495725989341736 81
1680872037274 0.03506417199969292 82
1680872039449 0.03502928838133812 83
1680872041641 0.03377815708518028 84
1680872043888 0.03413504734635353 85
1680872046048 0.03418383747339249 86
1680872048221 0.033881157636642456 87
1680872050389 0.033284369856119156 88
1680872052562 0.033315856009721756 89
1680872054734 0.034155797213315964 90
1680872056949 0.03330347687005997 91
1680872059156 0.03329554200172424 92
1680872061412 0.032204192131757736 93
1680872063578 0.03234749659895897 94
1680872065807 0.032618433237075806 95
1680872067970 0.03296154364943504 96
1680872070186 0.03182680159807205 97
1680872072368 0.03194907307624817 98
1680872074550 0.032866787165403366 99
1680872076723 0.032209496945142746 100
1680872078987 0.03176320716738701 101
1680872081164 0.031129775568842888 102
1680872083348 0.031024442985653877 103
1680872085517 0.031570661813020706 104
1680872087698 0.03181140869855881 105
1680872089886 0.03174089267849922 106
1680872092138 0.030942434445023537 107
1680872094394 0.03121691383421421 108
1680872096561 0.030943213030695915 109
1680872098727 0.030678777024149895 110
1680872100956 0.029978536069393158 111
1680872103271 0.030260302126407623 112
1680872105513 0.030095137655735016 113
1680872107683 0.030730802565813065 114
1680872109866 0.030153773725032806 115
1680872112163 0.0299020167440176 116
1680872114387 0.0291794054210186 117
1680872116583 0.029260171577334404 118
1680872118756 0.029674705117940903 119
1680872120935 0.02969282492995262 120
1680872123113 0.02839042991399765 121
1680872125279 0.030048057436943054 122
1680872127453 0.029812507331371307 123
1680872129698 0.029658574610948563 124
1680872131931 0.029474837705492973 125
1680872134100 0.029723552986979485 126
1680872136285 0.03033982217311859 127
