1680871844038 0.04104794189333916 0
1680871847870 0.039284493774175644 1
1680871851126 0.038141120225191116 2
1680871854060 0.0367005355656147 3
1680871857091 0.03511013090610504 4
1680871859814 0.03318023681640625 5
1680871862261 0.030136974528431892 6
1680871864965 0.027646416798233986 7
1680871867613 0.024489641189575195 8
1680871871018 0.022873934358358383 9
1680871874036 0.02173929661512375 10
1680871876668 0.02159949764609337 11
1680871879402 0.021198933944106102 12
1680871882107 0.020043551921844482 13
1680871884811 0.019721124321222305 14
1680871887255 0.019191181287169456 15
1680871889641 0.019541051238775253 16
1680871891905 0.019733693450689316 17
1680871894242 0.019503192976117134 18
1680871896537 0.01878640055656433 19
1680871898851 0.01844075880944729 20
1680871901083 0.017856566235423088 21
1680871903382 0.017614271491765976 22
1680871905736 0.016797492280602455 23
1680871908014 0.01624194160103798 24
1680871910254 0.015546836890280247 25
1680871912484 0.014105276204645634 26
1680871914750 0.013143692165613174 27
1680871916991 0.011707254685461521 28
1680871919305 0.012764830142259598 29
1680871921670 0.010581492446362972 30
1680871923969 0.010033072903752327 31
1680871926283 0.008701051585376263 32
1680871928553 0.00827871449291706 33
1680871930817 0.00789845734834671 34
1680871933043 0.00810583122074604 35
1680871935239 0.008296455256640911 36
1680871937578 0.00763114495202899 37
1680871939846 0.0075034708715975285 38
1680871942138 0.007021987810730934 39
1680871944344 0.007109854836016893 40
1680871946556 0.006843756418675184 41
1680871948795 0.007322702091187239 42
1680871951039 0.006530883256345987 43
1680871953244 0.00652646366506815 44
1680871955504 0.006166860461235046 45
1680871957690 0.006361243315041065 46
1680871959926 0.006704202387481928 47
1680871962136 0.006245882250368595 48
1680871964349 0.006265751551836729 49
1680871966539 0.0058928015641868114 50
1680871968729 0.006286545656621456 51
1680871970908 0.005985303316265345 52
1680871973233 0.0056138853542506695 53
1680871975472 0.005675863940268755 54
1680871977686 0.005528477020561695 55
1680871979859 0.005553702358156443 56
1680871982045 0.005722950678318739 57
1680871984227 0.005605944432318211 58
1680871986408 0.005438930820673704 59
1680871988577 0.006066306959837675 60
1680871990840 0.0056031388230621815 61
1680871993073 0.005660100840032101 62
1680871995255 0.005261817015707493 63
1680871997493 0.0051178098656237125 64
1680871999724 0.005389954894781113 65
1680872001898 0.00517271226271987 66
1680872004088 0.005489688832312822 67
1680872006414 0.0054116141982376575 68
1680872008607 0.004886050242930651 69
1680872010794 0.004810660146176815 70
1680872012994 0.004831841681152582 71
1680872015171 0.0049865054897964 72
1680872017359 0.004586935043334961 73
1680872019546 0.005200700834393501 74
1680872021726 0.004571268334984779 75
1680872023912 0.004956295248121023 76
1680872026190 0.004687249660491943 77
1680872028398 0.0049927253276109695 78
1680872030635 0.005159512162208557 79
1680872032862 0.005237347912043333 80
1680872035045 0.004980886820703745 81
1680872037274 0.004916629288345575 82
1680872039449 0.004753032699227333 83
1680872041641 0.004626670386642218 84
1680872043888 0.0046641952358186245 85
1680872046048 0.004785540048032999 86
1680872048221 0.004840608686208725 87
1680872050389 0.004440055228769779 88
1680872052562 0.004777487367391586 89
1680872054734 0.004812830127775669 90
1680872056949 0.004398028831928968 91
1680872059156 0.004645491950213909 92
1680872061412 0.004743343684822321 93
1680872063578 0.004419452045112848 94
1680872065807 0.0046043116599321365 95
1680872067970 0.0042058383114635944 96
1680872070186 0.004480881150811911 97
1680872072368 0.004591023549437523 98
1680872074550 0.004524778109043837 99
1680872076723 0.0046319239772856236 100
1680872078987 0.004176009446382523 101
1680872081164 0.004132838454097509 102
1680872083348 0.004245658405125141 103
1680872085517 0.004671698436141014 104
1680872087698 0.004377681761980057 105
1680872089886 0.003944787662476301 106
1680872092138 0.004417336545884609 107
1680872094394 0.00478579243645072 108
1680872096561 0.004084616433829069 109
1680872098727 0.004304576199501753 110
1680872100956 0.004050705581903458 111
1680872103271 0.0040025352500379086 112
1680872105513 0.004008956253528595 113
1680872107683 0.004185255151242018 114
1680872109866 0.003947329707443714 115
1680872112163 0.004132962319999933 116
1680872114387 0.003939489368349314 117
1680872116583 0.003986899740993977 118
1680872118756 0.00427866680547595 119
1680872120935 0.003866509534418583 120
1680872123113 0.003646800061687827 121
1680872125279 0.004293238278478384 122
1680872127453 0.003960210829973221 123
1680872129698 0.00443221116438508 124
1680872131931 0.003801068291068077 125
1680872134100 0.003867503721266985 126
1680872136285 0.004412421956658363 127
