1680871844038 0.05274902284145355 0
1680871847870 0.060890380293130875 1
1680871851126 0.06312938034534454 2
1680871854060 0.06860361993312836 3
1680871857091 0.07036866247653961 4
1680871859814 0.06748326867818832 5
1680871862261 0.06708656996488571 6
1680871864965 0.060780011117458344 7
1680871867613 0.05657399818301201 8
1680871871018 0.055407002568244934 9
1680871874036 0.05240614712238312 10
1680871876668 0.05062345415353775 11
1680871879402 0.05032022297382355 12
1680871882107 0.04583616554737091 13
1680871884811 0.04671988636255264 14
1680871887255 0.04343729466199875 15
1680871889641 0.0442037358880043 16
1680871891905 0.041392982006073 17
1680871894242 0.043157052248716354 18
1680871896537 0.04222181811928749 19
1680871898851 0.040343642234802246 20
1680871901083 0.04042280837893486 21
1680871903382 0.041351452469825745 22
1680871905736 0.04226377606391907 23
1680871908014 0.04217105358839035 24
1680871910254 0.041798949241638184 25
1680871912484 0.03715793043375015 26
1680871914750 0.037592675536870956 27
1680871916991 0.03992127999663353 28
1680871919305 0.037604428827762604 29
1680871921670 0.0409306101500988 30
1680871923969 0.03912021219730377 31
1680871926283 0.03859436511993408 32
1680871928553 0.037928663194179535 33
1680871930817 0.03739677742123604 34
1680871933043 0.03895813226699829 35
1680871935239 0.03611919656395912 36
1680871937578 0.035241711884737015 37
1680871939846 0.036295000463724136 38
1680871942138 0.037176501005887985 39
1680871944344 0.03394352272152901 40
1680871946556 0.034830491989851 41
1680871948795 0.032708898186683655 42
1680871951039 0.033911339938640594 43
1680871953244 0.03500892594456673 44
1680871955504 0.03254777565598488 45
1680871957690 0.03337518870830536 46
1680871959926 0.034553661942481995 47
1680871962136 0.03504151105880737 48
1680871964349 0.03578713536262512 49
1680871966539 0.032297682017087936 50
1680871968729 0.03175951540470123 51
1680871970908 0.032911453396081924 52
1680871973233 0.03274909406900406 53
1680871975472 0.033507946878671646 54
1680871977686 0.031631894409656525 55
1680871979859 0.0322519950568676 56
1680871982045 0.03232327103614807 57
1680871984227 0.03290381655097008 58
1680871986408 0.030049147084355354 59
1680871988577 0.030612675473093987 60
1680871990840 0.03279151767492294 61
1680871993073 0.034017547965049744 62
1680871995255 0.03238672763109207 63
1680871997493 0.03095681220293045 64
1680871999724 0.03139321133494377 65
1680872001898 0.029682911932468414 66
1680872004088 0.03053952381014824 67
1680872006414 0.029241150245070457 68
1680872008607 0.03248504921793938 69
1680872010794 0.029322916641831398 70
1680872012994 0.03004896268248558 71
1680872015171 0.03063720278441906 72
1680872017359 0.03026333823800087 73
1680872019546 0.03134343400597572 74
1680872021726 0.030914602801203728 75
1680872023912 0.03234216198325157 76
1680872026190 0.029502423480153084 77
1680872028398 0.02821696363389492 78
1680872030635 0.031772684305906296 79
1680872032862 0.029927842319011688 80
1680872035045 0.028672443702816963 81
1680872037274 0.027489952743053436 82
1680872039449 0.02925712987780571 83
1680872041641 0.029532574117183685 84
1680872043888 0.030373580753803253 85
1680872046048 0.031634919345378876 86
1680872048221 0.030049828812479973 87
1680872050389 0.02967158704996109 88
1680872052562 0.03126421570777893 89
1680872054734 0.028945226222276688 90
1680872056949 0.0295649915933609 91
1680872059156 0.027973609045147896 92
1680872061412 0.0280972458422184 93
1680872063578 0.02857980877161026 94
1680872065807 0.029012436047196388 95
1680872067970 0.02861076220870018 96
1680872070186 0.029215820133686066 97
1680872072368 0.029117610305547714 98
1680872074550 0.030935226008296013 99
1680872076723 0.028462354093790054 100
1680872078987 0.028219692409038544 101
1680872081164 0.026210330426692963 102
1680872083348 0.026632050052285194 103
1680872085517 0.02898281440138817 104
1680872087698 0.028576413169503212 105
1680872089886 0.027735140174627304 106
1680872092138 0.02988039143383503 107
1680872094394 0.028945960104465485 108
1680872096561 0.029213277623057365 109
1680872098727 0.02849498763680458 110
1680872100956 0.02914111688733101 111
1680872103271 0.02836306393146515 112
1680872105513 0.026574058458209038 113
1680872107683 0.026388004422187805 114
1680872109866 0.027662314474582672 115
1680872112163 0.02800900675356388 116
1680872114387 0.026395995169878006 117
1680872116583 0.027702048420906067 118
1680872118756 0.026142502203583717 119
1680872120935 0.02812311425805092 120
1680872123113 0.02671196311712265 121
1680872125279 0.02805367484688759 122
1680872127453 0.026693442836403847 123
1680872129698 0.028160419315099716 124
1680872131931 0.02913156896829605 125
1680872134100 0.026446791365742683 126
1680872136285 0.02802053838968277 127
