1679941182476 0.00021094827619679121 0
1679941685126 0.0008100097582744441 2
1679942192811 0.0015570217710325401 4
1679942435438 0.04595151874115979 5
1679942905415 0.079332180255954 7
1679943135394 0.11766271383441218 8
1679943594111 0.1463482443459918 10
1679943817960 0.1837438010272908 11
1679944485335 0.23172449248226754 14
1679944706823 0.2610100146967816 15
1679946030375 0.3410475889810795 21
1679946689501 0.43039112781068045 24
1679946909602 0.43085553970788387 25
1679947129208 0.44314748251766795 26
1679947349599 0.48438080598749494 27
1679947569505 0.4810029023000609 28
1679948008528 0.5050756138211353 30
1679949541965 0.5233301308276088 37
1679949761703 0.6006905727630051 38
1679951513709 0.6308799938368169 46
1679953045888 0.6526963413352761 53
1679954579467 0.660413341167421 60
1679955455479 0.6900937768377539 64
1679956549750 0.7048312038726344 69
1679958081600 0.7087586900123659 76
1679959831288 0.7116141371689775 84
1679960268351 0.7166297362118913 86
1679960487120 0.7339598032810611 87
1679961581037 0.742084661722739 92
1679962456855 0.7498534094160424 96
1679963114340 0.7531921556766394 99
1679965521504 0.7544513953844457 110
1679965740071 0.7561677848484614 111
1679965959194 0.7573269454545496 112
1679966178392 0.7583631776573702 113
1679966397126 0.7642956617919258 114
1679967052908 0.7663899774973002 117
1679967271977 0.7677834848409182 118
