1679941182476 0.0017970544369245028 0
1679941685126 0.004152439666722964 2
1679942192811 0.34497996417392945 4
1679942435438 0.8020252303555416 5
1679942905415 0.14590240578559774 7
1679943135394 0.31034374956921446 8
1679943594111 0.3578395712597444 10
1679943817960 0.33691274633583257 11
1679944485335 0.4232156939960245 14
1679944706823 0.44933012985483406 15
1679946030375 0.5133228038001211 21
1679946689501 0.6443523657284499 24
1679946909602 0.765504446057205 25
1679947129208 0.7909846749494472 26
1679947349599 0.6619826780731198 27
1679947569505 0.8601813146247359 28
1679948008528 0.8957554646730851 30
1679949541965 0.8759728082244039 37
1679949761703 0.8988084489880696 38
1679951513709 0.911096428548125 46
1679953045888 0.9329649578779803 53
1679954579467 0.9407587002054266 60
1679955455479 0.9493197899665452 64
1679956549750 0.944213124217406 69
1679958081600 0.9545227931000538 76
1679959831288 0.9381239082750188 84
1679960268351 0.9589769584696977 86
1679960487120 0.9524765208823479 87
1679961581037 0.9502402751485909 92
1679962456855 0.9631895970495901 96
1679963114340 0.9616392626329874 99
1679965521504 0.9617437634819866 110
1679965740071 0.9456793097417676 111
1679965959194 0.9524834428030777 112
1679966178392 0.9569269549665305 113
1679966397126 0.9527185356163734 114
1679967052908 0.9564171931767517 117
1679967271977 0.9622161062501258 118
