1679941182476 0.05349232716342351 0
1679941685126 0.03654485049833887 2
1679942192811 0.022702104097452935 4
1679942435438 0.11395288120001253 5
1679942905415 0.4292365108083744 7
1679943135394 0.47902745906549643 8
1679943594111 0.4778265394680002 10
1679943817960 0.5921067977078304 11
1679944485335 0.7132612453393943 14
1679944706823 0.7128937096218833 15
1679946030375 0.739647659513918 21
1679946689501 0.7337884749747395 24
1679946909602 0.7460904000371792 25
1679947129208 0.7426488615239513 26
1679947349599 0.803389585391546 27
1679947569505 0.7625688990718148 28
1679948008528 0.789247122114411 30
1679949541965 0.8602929674562655 37
1679949761703 0.899680108310223 38
1679951513709 0.9170457122651993 46
1679953045888 0.9083492131298909 53
1679954579467 0.9185197154523678 60
1679955455479 0.8994132911979497 64
1679956549750 0.9299428305435423 69
1679958081600 0.9362304816346668 76
1679959831288 0.9432336700621734 84
1679960268351 0.9408792023936355 86
1679960487120 0.9450521018609995 87
1679961581037 0.9515197072210081 92
1679962456855 0.9476640151580007 96
1679963114340 0.9468284219140939 99
1679965521504 0.9505057395547394 110
1679965740071 0.9549337449254606 111
1679965959194 0.954974116793529 112
1679966178392 0.9580809315293591 113
1679966397126 0.958381289500046 114
1679967052908 0.9599198852300764 117
1679967271977 0.9601656524923995 118
